1.130635
1.312292
1.258181
1.341924
1.240144
1.447568
1.437261
1.550636
1.461740
1.575114
1.499102
1.679471
1.648550
1.779962
1.621495
1.679471
1.581556
1.697508
1.549348
1.554501
1.439838
1.559654
1.428243
1.524869
1.412783
1.469470
1.300696
1.283948
1.137076
1.220819
1.179592
1.392169
1.330328
1.470758
1.366402
1.443703
1.323887
1.393457
1.273641
1.326463
1.206647
1.348365
1.299408
1.486219
1.481065
1.680759
1.589286
1.701373
1.573826
1.658857
1.553213
1.675606
1.615053
1.703949
1.584133
1.624072
1.399899
1.376709
1.191187
1.264623
1.148671
1.312292
1.232414
1.416648
1.334193
1.492660
1.447568
1.474623
1.300696
1.397323
1.363825
1.513274
1.442415
1.511985
1.499102
1.667876
1.557078
1.640820
1.509409
1.585421
1.415359
1.425666
1.303273
1.536464
1.466893
1.539041
1.329040
1.347077
1.292966
1.446280
1.411494
1.602170
1.603458
1.832784
1.835361
1.904931
1.680759
1.630513
1.439838
1.492660
1.326463
1.443703
1.322598
1.388304
1.178303
1.289101
1.246586
1.415359
1.251739
1.205359
1.043027
1.253028
1.250451
1.415359
1.321310
1.403764
1.236279
1.256893
1.156402
1.295543
1.263334
1.335482
1.169285
1.233702
1.161555
1.307138
1.255604
1.412783
1.317445
1.451433
1.412783
1.450145
1.290390
1.365114
1.292966
1.412783
1.339347
1.426955
1.387016
1.423089
1.366402
1.514562
1.465605
1.457875
1.412783
1.478488
1.483642
1.554501
