1.097138
1.151248
1.055910
1.327752
1.191187
1.377997
1.349654
1.290390
1.258181
1.305850
1.140941
1.231126
1.097138
1.276218
1.102291
1.281371
1.316157
1.528734
1.372844
1.439838
1.384439
1.559654
1.396034
1.519716
1.329040
1.394746
1.244009
1.338059
1.298120
1.466893
1.493949
1.550636
1.450145
1.456587
1.289101
1.478488
1.450145
1.612477
1.425666
1.665299
1.546771
1.754195
1.599593
1.831496
1.740023
1.756771
1.700084
1.790269
1.698796
1.662722
1.412783
1.366402
1.269776
1.362537
1.299408
1.314868
1.191187
1.227261
0.970879
1.004377
0.878118
0.999223
1.040450
1.295543
1.265911
1.504255
1.573826
1.725851
1.604746
1.678182
1.631802
1.737446
1.600881
1.742600
1.585421
1.743888
1.577691
1.648550
1.549348
1.665299
1.470758
1.454010
1.091984
1.010818
0.941248
1.229837
1.256893
1.437261
1.469470
1.546771
1.394746
1.491372
1.283948
1.371556
1.052045
0.977321
0.656523
0.831738
0.737689
0.816278
0.691308
1.037874
1.103579
1.341924
1.388304
1.524869
1.478488
1.474623
1.370267
1.352230
1.432108
1.495237
1.344500
1.399899
1.406341
1.432108
1.336770
1.457875
1.474623
1.447568
1.124193
1.058487
0.927076
1.059775
1.034009
1.282660
1.438550
1.689777
1.688489
1.770943
1.676894
1.845667
1.835361
1.862416
1.776097
1.781250
1.648550
1.539041
1.305850
1.365114
1.318733
1.415359
1.332905
1.356095
1.412783
1.671741
1.636955
1.603458
