1.389195
1.368539
1.347883
1.337555
1.336264
1.345301
1.362084
1.381449
1.393068
1.404687
1.408560
1.407269
1.405978
1.400814
1.393068
1.365957
1.351756
1.355629
1.373703
1.385322
1.396941
1.426633
1.466654
1.515711
1.553150
1.575096
1.567350
1.547986
1.520875
1.498928
1.471818
1.461490
1.447289
1.430506
1.409851
1.391777
1.377576
1.363375
1.358211
1.355629
1.353047
1.349174
1.347883
1.345301
1.340137
1.331101
1.325937
1.323355
1.320773
1.318191
1.322064
1.303990
1.265260
1.262678
1.274297
1.298826
1.318191
1.323355
1.325937
1.342719
1.341428
1.333683
1.346592
1.389195
1.427924
1.461490
1.487309
1.498928
1.491182
1.486018
1.480855
1.487309
1.487309
1.479564
1.480855
1.476982
1.458908
1.447289
1.439543
1.421469
1.413723
1.400814
1.394359
1.393068
1.391777
1.387904
1.385322
1.391777
1.396941
1.394359
1.398232
1.402105
1.404687
1.405978
1.405978
1.399523
1.399523
1.395650
1.394359
1.390486
1.384031
1.372412
1.363375
1.360793
1.356920
1.351756
1.354338
1.362084
1.378867
1.389195
1.398232
1.407269
1.407269
1.409851
1.408560
1.393068
1.374994
1.377576
1.374994
1.373703
1.380158
1.398232
1.418887
1.431797
1.433088
1.438252
1.436961
1.434379
1.435670
1.427924
1.427924
1.431797
1.430506
1.425342
1.422760
1.418887
1.420178
1.426633
1.422760
1.420178
1.416305
1.412432
1.393068
1.378867
1.371121
1.364666
1.368539
1.369830
1.381449
1.380158
1.378867
1.376285
1.368539
1.369830
1.376285
1.384031
1.398232
1.396941
1.390486
1.381449
1.381449
1.386613
1.394359
1.402105
1.407269
1.402105
1.412432
1.417596
1.420178
1.422760
1.411141
1.409851
1.409851
1.411141
1.411141
1.403396
1.407269
1.398232
1.405978
1.416305
1.421469
1.418887
1.418887
1.413723
1.400814
1.391777
1.384031
1.374994
1.376285
1.382740
1.398232
1.402105
1.402105
1.403396
1.404687
1.413723
1.431797
1.445998
1.452453
1.452453
1.440834
1.434379
1.436961
1.435670
1.417596
1.408560
1.407269
1.398232
1.390486
1.380158
1.382740
1.384031
1.393068
1.400814
1.396941
1.396941
1.387904
1.377576
1.377576
1.369830
1.365957
1.362084
1.372412
1.369830
1.369830
1.364666
1.377576
1.378867
1.378867
1.377576
1.382740
1.374994
1.356920
1.355629
1.350465
1.345301
1.345301
1.347883
1.341428
1.342719
1.362084
1.380158
1.407269
1.426633
1.420178
1.427924
1.442125
1.451162
1.460199
1.455035
1.444707
1.449871
1.458908
1.469236
1.475691
1.488600
1.492473
1.506674
1.506674
1.491182
1.475691
1.453744
1.442125
1.434379
1.424051
1.415014
1.409851
1.399523
1.399523
1.390486
1.380158
1.373703
1.364666
1.350465
1.336264
1.318191
1.298826
1.293662
1.289789
1.284625
1.284625
1.258806
1.240732
1.247187
1.283334
1.323355
1.365957
1.412432
1.439543
1.460199
1.475691
1.489891
1.496346
1.487309
1.479564
1.470527
1.471818
1.467945
1.462781
1.442125
1.409851
1.387904
1.381449
1.384031
1.390486
1.395650
1.402105
1.386613
1.367248
1.351756
1.353047
1.362084
1.362084
1.362084
1.363375
1.365957
1.380158
1.391777
1.400814
1.400814
1.402105
1.407269
1.405978
1.408560
1.405978
1.404687
1.412432
1.407269
1.407269
1.412432
1.418887
1.395650
1.337555
1.300117
1.282043
1.285916
1.305281
1.340137
1.433088
1.506674
1.549277
1.550568
1.546695
1.535076
1.514420
1.498928
1.487309
1.473109
1.457617
1.448580
1.442125
1.422760
1.402105
1.393068
1.390486
1.385322
1.384031
1.390486
1.396941
1.407269
1.411141
1.417596
1.417596
1.418887
1.412432
1.407269
1.402105
1.398232
1.396941
1.405978
1.403396
1.402105
1.393068
1.403396
1.398232
1.377576
1.369830
1.372412
1.371121
1.369830
1.365957
1.384031
1.395650
1.396941
1.377576
1.372412
1.371121
1.377576
1.369830
1.368539
1.360793
1.346592
1.344010
1.351756
1.368539
1.376285
1.385322
1.389195
1.389195
1.396941
1.386613
1.400814
1.408560
1.409851
1.412432
1.425342
1.425342
1.422760
1.420178
1.412432
1.400814
1.398232
1.396941
1.398232
1.402105
1.381449
1.373703
1.377576
1.395650
1.402105
1.416305
1.429215
1.431797
1.431797
1.426633
1.420178
1.424051
1.429215
1.425342
1.415014
1.408560
1.407269
1.402105
1.396941
1.385322
1.373703
1.372412
1.368539
1.376285
1.387904
1.399523
1.415014
1.421469
1.411141
1.396941
1.378867
1.358211
1.346592
1.336264
1.342719
1.356920
1.358211
1.385322
1.409851
1.422760
1.415014
1.431797
1.461490
1.488600
1.493764
1.497637
1.486018
1.469236
1.462781
1.462781
1.451162
1.445998
1.431797
1.413723
1.390486
1.363375
1.351756
1.359502
1.365957
1.360793
1.360793
1.350465
1.324646
1.322064
1.327228
1.325937
1.334974
1.354338
1.377576
1.389195
1.396941
1.398232
1.399523
1.405978
1.408560
1.407269
1.409851
1.409851
1.416305
1.421469
1.416305
1.400814
1.386613
1.378867
1.381449
1.396941
1.394359
1.411141
1.408560
1.409851
1.398232
1.393068
1.408560
1.412432
1.380158
1.382740
1.396941
1.417596
1.430506
1.443416
1.444707
1.461490
1.470527
1.474400
1.465363
1.457617
1.457617
1.464072
1.451162
1.442125
1.420178
1.403396
1.384031
1.377576
1.372412
1.372412
1.373703
1.377576
1.376285
1.374994
1.380158
1.385322
1.386613
1.389195
1.398232
1.408560
1.418887
1.422760
1.417596
1.411141
1.398232
1.389195
1.390486
1.390486
1.385322
1.391777
1.389195
1.386613
1.390486
1.386613
1.381449
1.368539
1.362084
1.363375
1.380158
1.396941
1.398232
1.396941
1.399523
1.402105
1.399523
1.386613
1.381449
1.372412
1.390486
1.393068
1.396941
1.405978
1.404687
1.399523
1.396941
1.400814
1.409851
1.408560
1.396941
1.398232
1.422760
1.433088
1.430506
1.429215
1.430506
1.424051
1.415014
1.412432
1.403396
1.396941
1.394359
1.387904
1.390486
1.387904
1.387904
1.387904
1.395650
1.393068
1.399523
1.400814
1.404687
1.404687
1.403396
1.400814
1.390486
1.382740
1.384031
1.380158
1.345301
1.337555
1.360793
1.378867
1.394359
1.396941
1.396941
1.394359
1.377576
1.394359
1.390486
1.384031
1.386613
1.389195
1.402105
1.409851
1.405978
1.408560
1.411141
1.418887
1.416305
1.418887
1.421469
1.415014
1.418887
1.420178
1.412432
1.404687
1.402105
1.396941
1.393068
1.389195
1.373703
1.337555
1.302699
1.303990
1.307863
1.324646
1.381449
1.416305
1.431797
1.435670
1.445998
1.444707
1.453744
1.452453
1.452453
1.455035
1.460199
1.447289
1.451162
1.447289
1.444707
1.434379
1.435670
1.427924
1.413723
1.411141
1.399523
1.400814
1.395650
1.390486
1.382740
1.382740
1.382740
1.387904
1.393068
1.404687
1.415014
1.417596
1.416305
1.416305
1.416305
1.412432
1.396941
1.390486
1.385322
1.384031
1.382740
1.386613
1.398232
1.407269
1.408560
1.405978
1.407269
1.398232
1.396941
1.396941
1.393068
1.387904
1.386613
1.382740
1.381449
1.381449
1.374994
1.372412
1.369830
1.367248
1.369830
1.371121
1.377576
1.390486
1.398232
1.403396
1.413723
1.427924
1.433088
1.429215
1.429215
1.422760
1.407269
1.400814
1.395650
1.399523
1.394359
1.394359
1.398232
1.396941
1.394359
1.394359
1.398232
1.395650
1.399523
1.402105
1.403396
1.403396
1.399523
1.394359
1.389195
1.377576
1.377576
1.380158
1.391777
1.389195
1.389195
1.390486
1.387904
1.389195
1.386613
1.387904
1.393068
1.396941
1.403396
1.411141
1.405978
1.415014
1.421469
1.417596
1.415014
1.415014
1.408560
1.403396
1.402105
1.394359
1.403396
1.404687
1.400814
1.403396
1.404687
1.402105
1.402105
1.400814
1.403396
1.413723
1.409851
1.415014
1.413723
1.409851
1.409851
1.408560
1.407269
1.408560
1.408560
1.408560
1.411141
1.416305
1.420178
1.409851
1.421469
1.413723
1.413723
1.404687
1.398232
1.391777
1.387904
1.380158
1.377576
1.377576
1.384031
1.394359
1.396941
1.402105
1.394359
1.391777
1.391777
1.391777
1.384031
1.381449
1.385322
1.387904
1.393068
1.395650
1.404687
1.407269
1.407269
1.404687
1.400814
1.391777
1.387904
1.394359
1.402105
1.411141
1.413723
1.412432
1.409851
1.404687
1.403396
1.400814
1.393068
1.389195
1.382740
1.380158
1.376285
1.391777
1.393068
1.384031
1.386613
1.384031
1.395650
1.402105
1.407269
1.398232
1.400814
1.403396
1.411141
1.417596
1.418887
1.420178
1.413723
1.407269
1.407269
1.407269
1.400814
1.400814
1.404687
1.400814
1.405978
1.411141
1.413723
1.415014
1.415014
1.418887
1.417596
1.413723
1.402105
1.395650
1.393068
1.382740
1.381449
1.387904
1.396941
1.395650
1.403396
1.398232
1.390486
1.394359
1.390486
1.382740
1.384031
1.381449
1.386613
1.395650
1.405978
1.415014
1.415014
1.411141
1.411141
1.403396
1.391777
1.393068
1.394359
1.398232
1.411141
1.399523
1.399523
1.399523
1.402105
1.402105
1.402105
1.399523
1.399523
1.399523
1.403396
1.408560
1.409851
1.411141
1.415014
1.408560
1.399523
1.399523
1.398232
1.398232
1.398232
1.393068
1.393068
1.394359
1.398232
1.400814
1.400814
1.399523
1.398232
1.404687
1.409851
1.407269
1.411141
1.409851
1.412432
1.405978
1.407269
1.403396
1.396941
1.395650
1.393068
1.394359
1.395650
1.396941
1.404687
1.407269
1.407269
1.412432
1.405978
1.395650
1.384031
1.380158
1.373703
1.371121
1.372412
1.376285
1.378867
1.382740
1.393068
1.399523
1.407269
1.412432
1.417596
1.417596
1.413723
1.416305
1.415014
1.415014
1.413723
1.409851
1.399523
1.393068
1.385322
1.372412
1.368539
1.367248
1.368539
1.373703
1.378867
1.390486
1.389195
1.384031
1.384031
1.394359
1.409851
1.415014
1.424051
1.422760
1.427924
1.424051
1.421469
1.418887
1.416305
1.415014
1.415014
1.415014
1.405978
1.398232
1.395650
1.387904
1.382740
1.380158
1.374994
1.368539
1.367248
1.368539
1.368539
1.374994
1.386613
1.393068
1.404687
1.404687
1.405978
1.403396
1.382740
1.362084
1.363375
1.364666
1.365957
1.380158
1.398232
1.413723
1.420178
1.429215
1.430506
1.422760
1.416305
1.421469
1.433088
1.431797
1.444707
1.455035
1.457617
1.452453
1.445998
1.434379
1.424051
1.415014
1.405978
1.395650
1.394359
1.390486
1.387904
1.385322
1.384031
1.393068
1.394359
1.395650
1.403396
1.402105
1.402105
1.405978
1.403396
1.395650
1.393068
1.391777
1.387904
1.390486
1.387904
1.363375
1.349174
1.342719
1.356920
1.374994
1.391777
1.399523
1.400814
1.390486
1.396941
1.411141
1.422760
1.442125
1.442125
1.431797
1.416305
1.393068
1.367248
1.360793
1.367248
1.385322
1.386613
1.408560
1.424051
1.429215
1.429215
1.435670
1.438252
1.420178
1.402105
1.394359
1.395650
1.413723
1.422760
1.424051
1.420178
1.408560
1.400814
1.399523
1.394359
1.396941
1.403396
1.400814
1.395650
1.393068
1.396941
1.399523
1.391777
1.394359
1.404687
1.417596
1.426633
1.421469
1.416305
1.411141
1.402105
1.405978
1.407269
1.409851
1.420178
1.421469
1.422760
1.435670
1.439543
1.436961
1.424051
1.412432
1.395650
1.393068
1.390486
1.390486
1.387904
1.386613
1.389195
1.390486
1.396941
1.390486
1.389195
1.382740
1.371121
1.372412
1.384031
1.391777
1.396941
1.398232
1.399523
1.400814
1.399523
1.399523
1.402105
1.405978
1.416305
1.427924
1.433088
1.427924
1.417596
1.412432
1.403396
1.390486
1.381449
1.386613
1.389195
1.382740
1.374994
1.386613
1.403396
1.413723
1.416305
1.427924
1.421469
1.416305
1.411141
1.403396
1.399523
1.398232
1.400814
1.398232
1.403396
1.394359
1.395650
1.393068
1.389195
1.390486
1.395650
1.391777
1.385322
1.385322
1.385322
1.384031
1.385322
1.385322
1.386613
1.395650
1.405978
1.411141
1.408560
1.399523
1.396941
1.398232
1.399523
1.403396
1.407269
1.413723
1.416305
1.409851
1.407269
1.404687
1.413723
1.407269
1.402105
1.402105
1.398232
1.393068
1.394359
1.395650
1.400814
1.396941
1.396941
1.393068
1.393068
1.390486
1.387904
1.391777
1.398232
1.400814
1.408560
1.408560
1.403396
1.396941
1.390486
1.385322
1.389195
1.393068
1.398232
1.398232
1.409851
1.409851
1.411141
1.408560
1.407269
1.407269
1.405978
1.408560
1.412432
1.408560
1.395650
1.398232
1.399523
1.402105
1.402105
1.404687
1.399523
1.394359
1.395650
1.399523
1.405978
1.408560
1.408560
1.412432
1.408560
1.405978
1.404687
1.399523
1.394359
1.390486
1.387904
1.382740
1.382740
1.384031
1.387904
1.374994
1.367248
1.369830
1.380158
1.384031
1.386613
1.386613
1.381449
1.367248
1.368539
1.377576
1.391777
1.402105
1.409851
1.408560
1.407269
1.411141
1.418887
1.411141
1.412432
1.396941
1.396941
1.411141
1.425342
1.433088
1.435670
1.430506
1.431797
1.429215
1.422760
1.420178
1.424051
1.418887
1.418887
1.412432
1.396941
1.389195
1.386613
1.382740
1.385322
1.385322
1.384031
1.386613
1.393068
1.400814
1.408560
1.415014
1.420178
1.413723
1.416305
1.403396
1.390486
1.381449
1.382740
1.384031
1.381449
1.371121
1.371121
1.385322
1.390486
1.396941
1.402105
1.405978
1.411141
1.413723
1.417596
1.417596
1.404687
1.404687
1.404687
1.405978
1.403396
1.400814
1.402105
1.398232
1.407269
1.407269
1.409851
1.411141
1.413723
1.415014
1.421469
1.417596
1.409851
1.405978
1.399523
1.389195
1.390486
1.378867
1.377576
1.376285
1.373703
1.373703
1.380158
1.384031
1.395650
1.405978
1.404687
1.415014
1.415014
1.411141
1.413723
1.407269
1.411141
1.412432
1.407269
1.409851
1.415014
1.409851
1.405978
1.407269
1.399523
1.396941
1.402105
1.398232
1.395650
1.391777
1.387904
1.384031
1.374994
1.365957
1.371121
1.368539
1.369830
1.374994
1.382740
1.394359
1.405978
1.416305
1.426633
1.425342
1.426633
1.426633
1.430506
1.429215
1.424051
1.417596
1.412432
1.405978
1.402105
1.395650
1.393068
1.394359
1.396941
1.393068
1.396941
1.394359
1.385322
1.380158
1.384031
1.384031
1.389195
1.395650
1.395650
1.400814
1.399523
1.398232
1.394359
1.391777
1.393068
1.395650
1.398232
1.404687
1.405978
1.404687
1.404687
1.399523
1.399523
1.396941
1.390486
1.390486
1.407269
1.408560
1.416305
1.408560
1.409851
1.417596
1.404687
1.408560
1.403396
1.398232
1.391777
1.394359
1.395650
1.396941
1.396941
1.394359
1.394359
1.389195
1.389195
1.386613
1.393068
1.395650
1.400814
1.407269
1.405978
1.403396
1.407269
1.404687
1.404687
1.407269
1.413723
1.412432
1.403396
1.402105
1.398232
1.399523
1.400814
1.398232
1.393068
1.389195
1.382740
1.390486
1.398232
1.398232
1.400814
1.394359
1.390486
1.386613
1.385322
1.396941
1.408560
1.412432
1.416305
1.418887
1.422760
1.416305
1.411141
1.411141
1.402105
1.398232
1.391777
1.385322
1.377576
1.374994
1.384031
1.382740
1.378867
1.389195
1.399523
1.405978
1.404687
1.408560
1.412432
1.409851
1.411141
1.403396
1.399523
1.398232
1.395650
1.395650
1.407269
1.417596
1.422760
1.421469
1.425342
1.407269
1.412432
1.417596
1.412432
1.405978
1.400814
1.394359
1.391777
1.386613
1.385322
1.380158
1.381449
1.385322
1.389195
1.396941
1.399523
1.399523
1.400814
1.394359
1.391777
1.390486
1.387904
1.384031
1.373703
1.355629
1.354338
1.355629
1.365957
1.373703
1.386613
1.385322
1.380158
1.405978
1.427924
1.455035
1.455035
1.447289
1.430506
1.421469
1.416305
1.413723
1.396941
1.324646
1.200711
1.115506
1.124543
1.203293
1.302699
1.369830
1.399523
1.416305
1.447289
1.482146
1.531203
1.580260
1.603498
1.599625
1.581551
1.582842
1.572514
1.555732
1.536367
1.510547
1.471818
1.407269
1.350465
1.298826
1.269133
1.238150
1.204584
1.217494
1.266551
1.342719
1.422760
1.496346
1.502801
1.453744
1.449871
1.449871
1.440834
1.427924
1.412432
1.400814
1.395650
1.376285
1.358211
1.364666
1.372412
1.382740
1.394359
1.407269
1.430506
1.444707
1.452453
1.451162
1.440834
1.443416
1.431797
1.418887
1.415014
1.411141
1.402105
1.395650
1.372412
1.360793
1.368539
1.376285
1.371121
1.358211
1.342719
1.341428
1.340137
1.351756
1.376285
1.400814
1.422760
1.443416
1.462781
1.457617
1.449871
1.443416
1.431797
1.421469
1.417596
1.409851
1.402105
1.398232
1.395650
1.380158
1.367248
1.368539
1.369830
1.373703
1.378867
1.371121
1.364666
1.371121
1.378867
1.384031
1.393068
1.399523
1.409851
1.402105
1.382740
1.365957
1.350465
1.344010
1.363375
1.387904
1.407269
1.421469
1.426633
1.427924
1.424051
1.427924
1.430506
1.429215
1.436961
1.420178
1.417596
1.400814
1.393068
1.387904
1.393068
1.396941
1.399523
1.407269
1.415014
1.415014
1.413723
1.417596
1.413723
1.409851
1.402105
1.399523
1.404687
1.400814
1.395650
1.385322
1.376285
1.369830
1.372412
1.377576
1.382740
1.384031
1.374994
1.356920
1.347883
1.345301
1.358211
1.369830
1.382740
1.394359
1.407269
1.418887
1.422760
1.434379
1.447289
1.462781
1.461490
1.457617
1.455035
1.464072
1.465363
1.455035
1.440834
1.421469
1.409851
1.396941
1.390486
1.373703
1.350465
1.329810
1.328519
1.333683
1.341428
1.364666
1.389195
1.405978
1.416305
1.421469
1.427924
1.425342
1.427924
1.427924
1.426633
1.429215
1.427924
1.407269
1.403396
1.391777
1.378867
1.384031
1.391777
1.391777
1.394359
1.395650
1.400814
1.395650
1.387904
1.376285
1.332392
1.269133
1.236859
1.191674
1.137453
1.125834
1.141326
1.167146
1.217494
1.274297
1.310445
1.306572
1.289789
1.288498
1.309154
1.334974
1.355629
1.387904
1.409851
1.436961
1.456326
1.465363
1.476982
1.482146
1.493764
1.501510
1.511838
1.517002
1.504092
1.504092
1.501510
1.500219
1.489891
1.486018
1.482146
1.474400
1.473109
1.473109
1.473109
1.473109
1.473109
1.471818
1.464072
1.462781
1.504092
1.594461
1.647391
1.669338
1.648682
1.617699
1.576387
1.527330
1.518293
1.504092
1.482146
1.455035
1.411141
1.340137
1.313027
1.310445
1.316900
1.320773
1.324646
1.319482
1.322064
1.325937
1.342719
1.371121
1.403396
1.403396
1.360793
1.322064
1.311736
1.322064
1.340137
1.341428
1.349174
1.353047
1.369830
1.377576
1.368539
1.358211
1.356920
1.367248
1.385322
1.390486
1.382740
1.387904
1.396941
1.402105
1.407269
1.409851
1.409851
1.417596
1.417596
1.404687
1.403396
1.398232
1.398232
1.394359
1.400814
1.415014
1.417596
1.412432
1.400814
1.384031
1.359502
1.346592
1.350465
1.374994
1.398232
1.405978
1.411141
1.418887
1.418887
1.429215
1.444707
1.464072
1.480855
1.483437
1.483437
1.475691
1.464072
1.455035
1.439543
1.404687
1.391777
1.387904
1.389195
1.390486
1.389195
1.389195
1.385322
1.377576
1.372412
1.364666
1.354338
1.358211
1.369830
1.377576
1.381449
1.387904
1.381449
1.380158
1.386613
1.371121
1.324646
1.280752
1.230404
1.247187
1.298826
1.342719
1.382740
1.412432
1.420178
1.438252
1.483437
1.546695
1.573805
1.563477
1.523457
1.482146
1.438252
1.409851
1.409851
1.377576
1.355629
1.355629
1.364666
1.377576
1.394359
1.405978
1.421469
1.426633
1.415014
1.404687
1.390486
1.377576
1.359502
1.342719
1.344010
1.345301
1.365957
1.400814
1.424051
1.436961
1.440834
1.435670
1.424051
1.413723
1.418887
1.416305
1.408560
1.407269
1.411141
1.405978
1.387904
1.384031
1.393068
1.399523
1.376285
1.345301
1.345301
1.360793
1.395650
1.427924
1.421469
1.416305
1.411141
1.398232
1.382740
1.374994
1.382740
1.400814
1.411141
1.426633
1.439543
1.443416
1.443416
1.436961
1.427924
1.411141
1.417596
1.417596
1.408560
1.393068
1.382740
1.381449
1.371121
1.353047
1.363375
1.372412
1.390486
1.395650
1.398232
1.408560
1.409851
1.408560
1.409851
1.394359
1.380158
1.373703
1.374994
1.381449
1.390486
1.400814
1.412432
1.420178
1.420178
1.422760
1.421469
1.411141
1.407269
1.402105
1.394359
1.400814
1.407269
1.409851
1.408560
1.404687
1.404687
1.402105
1.399523
1.387904
1.367248
1.349174
1.349174
1.358211
1.368539
1.365957
1.368539
1.395650
1.413723
1.421469
1.424051
1.429215
1.430506
1.429215
1.424051
1.420178
1.424051
1.420178
1.416305
1.411141
1.404687
1.380158
1.359502
1.341428
1.337555
1.340137
1.353047
1.359502
1.349174
1.345301
1.360793
1.377576
1.407269
1.433088
1.453744
1.442125
1.431797
1.426633
1.422760
1.429215
1.435670
1.440834
1.449871
1.448580
1.447289
1.436961
1.421469
1.405978
1.403396
1.403396
1.403396
1.407269
1.408560
1.407269
1.400814
1.390486
1.382740
1.376285
1.380158
1.384031
1.398232
1.405978
1.409851
1.413723
1.411141
1.395650
1.390486
1.387904
1.382740
1.381449
1.386613
1.395650
1.399523
1.395650
1.390486
1.386613
1.380158
1.363375
1.363375
1.358211
1.358211
1.360793
1.381449
1.407269
1.417596
1.407269
1.385322
1.391777
1.418887
1.439543
1.445998
1.436961
1.451162
1.453744
1.453744
1.452453
1.443416
1.436961
1.431797
1.427924
1.429215
1.429215
1.429215
1.408560
1.399523
1.387904
1.373703
1.367248
1.365957
1.372412
1.373703
1.376285
1.378867
1.377576
1.377576
1.372412
1.376285
1.380158
1.387904
1.390486
1.395650
1.403396
1.404687
1.408560
1.408560
1.402105
1.393068
1.373703
1.364666
1.363375
1.362084
1.378867
1.391777
1.408560
1.413723
1.399523
1.391777
1.396941
1.398232
1.404687
1.420178
1.426633
1.422760
1.415014
1.409851
1.408560
1.409851
1.408560
1.403396
1.400814
1.409851
1.395650
1.384031
1.384031
1.391777
1.398232
1.399523
1.403396
1.403396
1.395650
1.384031
1.381449
1.393068
1.405978
1.426633
1.434379
1.434379
1.430506
1.427924
1.418887
1.407269
1.391777
1.393068
1.389195
1.400814
1.403396
1.408560
1.408560
1.413723
1.416305
1.425342
1.430506
1.427924
1.424051
1.421469
1.412432
1.403396
1.402105
1.409851
1.412432
1.408560
1.398232
1.393068
1.391777
1.393068
1.384031
1.377576
1.369830
1.358211
1.345301
1.344010
1.364666
1.404687
1.424051
1.421469
1.409851
1.415014
1.407269
1.417596
1.420178
1.424051
1.425342
1.421469
1.411141
1.396941
1.387904
1.384031
1.369830
1.376285
1.376285
1.390486
1.394359
1.398232
1.393068
1.395650
1.398232
1.403396
1.411141
1.422760
1.424051
1.415014
1.405978
1.395650
1.405978
1.398232
1.394359
1.387904
1.399523
1.393068
1.381449
1.377576
1.368539
1.363375
1.363375
1.355629
1.345301
1.337555
1.341428
1.349174
1.329810
1.300117
1.263969
1.213621
1.225240
1.300117
1.385322
1.422760
1.439543
1.457617
1.513129
1.551859
1.563477
1.560895
1.546695
1.493764
1.465363
1.515711
1.547986
1.554441
1.528621
1.504092
1.467945
1.433088
1.385322
1.347883
1.327228
1.311736
1.303990
1.303990
1.314318
1.337555
1.358211
1.373703
1.384031
1.380158
1.372412
1.368539
1.398232
1.434379
1.453744
1.456326
1.440834
1.442125
1.424051
1.416305
1.416305
1.424051
1.421469
1.415014
1.407269
1.404687
1.405978
1.402105
1.399523
1.393068
1.399523
1.390486
1.381449
1.374994
1.371121
1.371121
1.368539
1.363375
1.356920
1.350465
1.336264
1.333683
1.333683
1.337555
1.314318
1.278170
1.263969
1.283334
1.315609
1.377576
1.424051
1.436961
1.440834
1.448580
1.462781
1.465363
1.467945
1.465363
1.461490
1.470527
1.476982
1.470527
1.474400
1.482146
1.484728
1.475691
1.462781
1.456326
1.444707
1.435670
1.424051
1.415014
1.402105
1.390486
1.381449
1.378867
1.373703
1.374994
1.365957
1.367248
1.371121
1.380158
1.384031
1.385322
1.384031
1.387904
1.380158
1.374994
1.365957
1.363375
1.359502
1.365957
1.373703
1.378867
1.390486
1.394359
1.393068
1.399523
1.400814
1.411141
1.418887
1.415014
1.416305
1.408560
1.408560
1.408560
1.398232
1.389195
1.382740
1.381449
1.381449
1.384031
1.380158
1.380158
1.372412
1.376285
1.390486
1.394359
1.403396
1.411141
1.416305
1.416305
1.415014
1.416305
1.412432
1.409851
1.411141
1.412432
1.416305
1.415014
1.408560
1.408560
1.402105
1.404687
1.405978
1.411141
1.417596
1.420178
1.415014
1.396941
1.386613
1.396941
1.407269
1.413723
1.412432
1.405978
1.407269
1.409851
1.409851
1.404687
1.407269
1.399523
1.395650
1.395650
1.398232
1.395650
1.396941
1.394359
1.395650
1.399523
1.404687
1.407269
1.400814
1.398232
1.399523
1.395650
1.395650
1.393068
1.389195
1.386613
1.389195
1.396941
1.403396
1.403396
1.396941
1.395650
1.399523
1.398232
1.396941
1.398232
1.389195
1.391777
1.395650
1.396941
1.396941
1.396941
1.391777
1.390486
1.390486
1.398232
1.394359
1.400814
1.402105
1.409851
1.407269
1.409851
1.403396
1.404687
1.398232
1.409851
1.403396
1.404687
1.405978
1.405978
1.407269
1.404687
1.399523
1.399523
1.403396
1.403396
1.403396
1.402105
1.399523
1.393068
1.400814
1.402105
1.394359
1.389195
1.387904
1.387904
1.371121
1.376285
1.377576
1.377576
1.371121
1.376285
1.385322
1.395650
1.412432
1.417596
1.418887
1.421469
1.411141
1.399523
1.411141
1.412432
1.417596
1.416305
1.407269
1.394359
1.382740
1.377576
1.376285
1.381449
1.394359
1.405978
1.411141
1.403396
1.408560
1.411141
1.407269
1.422760
1.420178
1.420178
1.421469
1.418887
1.415014
1.415014
1.412432
1.409851
1.404687
1.399523
1.395650
1.399523
1.393068
1.387904
1.376285
1.377576
1.386613
1.396941
1.398232
1.403396
1.408560
1.417596
1.415014
1.402105
1.396941
1.396941
1.399523
1.403396
1.403396
1.404687
1.403396
1.405978
1.412432
1.413723
1.411141
1.403396
1.394359
1.390486
1.393068
1.393068
1.393068
1.400814
1.398232
1.399523
1.390486
1.390486
1.400814
1.402105
1.399523
1.391777
1.395650
1.396941
1.396941
1.394359
1.396941
1.394359
1.389195
1.385322
1.385322
1.387904
1.394359
1.398232
1.396941
1.409851
1.404687
1.398232
1.400814
1.402105
1.402105
1.404687
1.403396
1.403396
1.403396
1.402105
1.398232
1.391777
1.387904
1.387904
1.389195
1.396941
1.405978
1.403396
1.398232
1.407269
1.411141
1.411141
1.405978
1.402105
1.409851
1.420178
1.425342
1.411141
1.393068
1.382740
1.381449
1.381449
1.376285
1.384031
1.378867
1.380158
1.382740
1.389195
1.396941
1.405978
1.415014
1.403396
1.400814
1.404687
1.405978
1.405978
1.404687
1.403396
1.405978
1.404687
1.404687
1.412432
1.420178
1.407269
1.409851
1.408560
1.405978
1.398232
1.391777
1.385322
1.384031
1.373703
1.373703
1.376285
1.380158
1.384031
1.393068
1.405978
1.402105
1.398232
1.400814
1.411141
1.436961
1.443416
1.445998
1.461490
1.476982
1.495055
1.513129
1.520875
1.511838
1.493764
1.460199
1.413723
1.386613
1.363375
1.364666
1.332392
1.313027
1.285916
1.297535
1.297535
1.320773
1.322064
1.316900
1.327228
1.368539
1.409851
1.422760
1.417596
1.433088
1.391777
1.380158
1.395650
1.404687
1.398232
1.368539
1.372412
1.362084
1.358211
1.351756
1.372412
1.416305
1.431797
1.438252
1.424051
1.400814
1.358211
1.374994
1.412432
1.412432
1.427924
1.417596
1.411141
1.445998
1.403396
1.319482
1.274297
1.263969
1.254933
1.307863
1.435670
1.488600
1.518293
1.540240
1.569932
1.580260
1.569932
1.553150
1.535076
1.502801
1.440834
1.411141
1.416305
1.416305
1.395650
1.345301
1.372412
1.396941
1.413723
1.427924
1.430506
1.420178
1.420178
1.404687
1.385322
1.381449
1.374994
1.373703
1.373703
1.378867
1.385322
1.384031
1.351756
1.329810
1.332392
1.353047
1.358211
1.362084
1.359502
1.363375
1.387904
1.400814
1.380158
1.338846
1.331101
1.310445
1.301408
1.328519
1.384031
1.426633
1.422760
1.412432
1.431797
1.427924
1.433088
1.456326
1.452453
1.462781
1.464072
1.458908
1.445998
1.424051
1.420178
1.391777
1.367248
1.341428
1.338846
1.351756
1.365957
1.398232
1.430506
1.443416
1.442125
1.445998
1.435670
1.407269
1.382740
1.359502
1.355629
1.354338
1.362084
1.399523
1.430506
1.453744
1.461490
1.461490
1.461490
1.447289
1.429215
1.416305
1.398232
1.362084
1.323355
1.302699
1.310445
1.307863
1.384031
1.442125
1.474400
1.487309
1.484728
1.465363
1.445998
1.431797
1.426633
1.415014
1.389195
1.376285
1.385322
1.385322
1.381449
1.377576
1.368539
1.358211
1.346592
1.327228
1.356920
1.337555
1.324646
1.287207
1.283334
1.325937
1.385322
1.390486
1.395650
1.405978
1.442125
1.489891
1.519584
1.509256
1.517002
1.513129
1.501510
1.482146
1.469236
1.422760
1.398232
1.355629
1.356920
1.363375
1.364666
1.374994
1.394359
1.408560
1.408560
1.402105
1.394359
1.377576
1.358211
1.368539
1.395650
1.382740
1.371121
1.362084
1.355629
1.350465
1.337555
1.327228
1.333683
1.344010
1.296244
1.141326
1.034175
1.085814
1.209748
1.351756
1.457617
1.507965
1.395650
1.207166
1.109052
1.186511
1.338846
1.473109
1.648682
1.870731
1.964973
1.837166
1.659010
1.526039
1.480855
1.458908
1.408560
1.434379
1.616408
1.704195
1.713231
1.679666
1.621572
1.559605
1.495055
1.447289
1.398232
1.362084
1.328519
1.307863
1.292371
1.284625
1.279461
1.282043
1.282043
1.287207
1.287207
1.296244
1.309154
1.322064
1.328519
1.332392
1.337555
1.345301
1.354338
1.368539
1.372412
1.376285
1.381449
1.380158
1.329810
1.216203
1.053539
0.999318
1.069031
1.156818
1.165855
1.284625
1.460199
1.553150
1.599625
1.612535
1.687412
1.709358
1.687412
1.644809
1.598334
1.566059
1.520875
1.386613
1.266551
1.200711
1.221367
1.271715
1.298826
1.323355
1.311736
1.322064
1.387904
1.465363
1.491182
1.496346
1.475691
1.404687
1.143908
1.070322
1.261388
1.426633
1.497637
1.531203
1.532494
1.527330
1.489891
1.427924
1.455035
1.511838
1.533785
1.532494
1.511838
1.491182
1.440834
1.374994
1.395650
1.445998
1.424051
1.438252
1.451162
1.405978
1.367248
1.338846
1.311736
1.244605
1.282043
1.360793
1.368539
1.354338
1.354338
1.309154
1.342719
1.577678
1.693867
1.578969
1.344010
1.276879
1.471818
1.617699
1.656428
1.634482
1.582842
1.528621
1.479564
1.436961
1.393068
1.356920
1.325937
1.315609
1.327228
1.332392
1.323355
1.324646
1.296244
1.278170
1.240732
1.262678
1.313027
1.353047
1.378867
1.387904
1.391777
1.393068
1.386613
1.378867
1.301408
1.127125
1.010937
0.967043
1.103888
1.257515
1.344010
1.389195
1.456326
1.585424
1.604789
1.396941
1.313027
1.362084
1.483437
1.585424
1.572514
1.532494
1.486018
1.467945
1.434379
1.452453
1.515711
1.533785
1.502801
1.470527
1.458908
1.453744
1.445998
1.434379
1.426633
1.413723
1.417596
1.412432
1.426633
1.391777
1.353047
1.364666
1.390486
1.408560
1.411141
1.407269
1.394359
1.395650
1.368539
1.363375
1.372412
1.416305
1.440834
1.455035
1.448580
1.408560
1.409851
1.433088
1.448580
1.458908
1.403396
1.415014
1.462781
1.471818
1.444707
1.416305
1.404687
1.403396
1.387904
1.376285
1.371121
1.369830
1.341428
1.315609
1.301408
1.294953
1.313027
1.305281
1.208457
1.234277
1.257515
1.262678
1.298826
1.350465
1.354338
1.364666
1.431797
1.484728
1.540240
1.568641
1.597043
1.586715
1.540240
1.493764
1.466654
1.385322
1.329810
1.346592
1.386613
1.421469
1.426633
1.424051
1.417596
1.416305
1.418887
1.402105
1.400814
1.399523
1.398232
1.393068
1.390486
1.398232
1.386613
1.384031
1.374994
1.381449
1.378867
1.372412
1.338846
1.319482
1.332392
1.364666
1.377576
1.386613
1.405978
1.456326
1.507965
1.540240
1.540240
1.531203
1.519584
1.476982
1.431797
1.372412
1.310445
1.285916
1.338846
1.380158
1.262678
1.182638
1.266551
1.341428
1.378867
1.394359
1.424051
1.449871
1.461490
1.467945
1.462781
1.440834
1.387904
1.386613
1.373703
1.413723
1.431797
1.433088
1.425342
1.426633
1.402105
1.373703
1.333683
1.318191
1.338846
1.362084
1.385322
1.409851
1.439543
1.487309
1.488600
1.473109
1.464072
1.443416
1.381449
1.364666
1.323355
1.319482
1.337555
1.360793
1.382740
1.405978
1.418887
1.420178
1.430506
1.436961
1.436961
1.431797
1.427924
1.409851
1.398232
1.400814
1.408560
1.409851
1.409851
1.396941
1.412432
1.425342
1.444707
1.431797
1.412432
1.403396
1.403396
1.413723
1.400814
1.382740
1.355629
1.307863
1.283334
1.318191
1.345301
1.363375
1.368539
1.369830
1.385322
1.407269
1.415014
1.421469
1.449871
1.456326
1.448580
1.442125
1.438252
1.429215
1.438252
1.440834
1.411141
1.374994
1.367248
1.391777
1.412432
1.420178
1.433088
1.426633
1.426633
1.402105
1.402105
1.408560
1.396941
1.385322
1.384031
1.386613
1.396941
1.411141
1.417596
1.403396
1.386613
1.381449
1.363375
1.371121
1.381449
1.380158
1.380158
1.386613
1.394359
1.376285
1.372412
1.384031
1.393068
1.404687
1.395650
1.407269
1.420178
1.436961
1.438252
1.431797
1.422760
1.421469
1.416305
1.426633
1.422760
1.434379
1.449871
1.445998
1.430506
1.408560
1.390486
1.380158
1.378867
1.376285
1.376285
1.373703
1.358211
1.332392
1.318191
1.327228
1.347883
1.380158
1.400814
1.396941
1.399523
1.407269
1.403396
1.403396
1.402105
1.393068
1.387904
1.394359
1.413723
1.420178
1.422760
1.422760
1.431797
1.447289
1.444707
1.429215
1.421469
1.407269
1.412432
1.415014
1.408560
1.402105
1.387904
1.382740
1.378867
1.378867
1.380158
1.382740
1.396941
1.399523
1.403396
1.402105
1.402105
1.409851
1.418887
1.418887
1.424051
1.420178
1.416305
1.413723
1.400814
1.382740
1.367248
1.355629
1.310445
1.289789
1.329810
1.368539
1.382740
1.398232
1.403396
1.402105
1.398232
1.382740
1.367248
1.384031
1.398232
1.417596
1.409851
1.421469
1.319482
1.194256
1.154236
1.323355
1.443416
1.526039
1.563477
1.593170
1.603498
1.608662
1.649973
1.634482
1.550568
1.483437
1.439543
1.403396
1.376285
1.368539
1.372412
1.365957
1.362084
1.363375
1.365957
1.365957
1.363375
1.369830
1.372412
1.390486
1.424051
1.462781
1.456326
1.400814
1.387904
1.393068
1.391777
1.395650
1.390486
1.376285
1.355629
1.347883
1.349174
1.358211
1.364666
1.373703
1.390486
1.399523
1.405978
1.418887
1.421469
1.420178
1.424051
1.409851
1.460199
1.497637
1.492473
1.465363
1.411141
1.354338
1.318191
1.309154
1.306572
1.316900
1.333683
1.349174
1.362084
1.368539
1.368539
1.363375
1.369830
1.360793
1.373703
1.382740
1.384031
1.389195
1.389195
1.393068
1.399523
1.399523
1.382740
1.381449
1.380158
1.389195
1.390486
1.372412
1.378867
1.368539
1.342719
1.337555
1.351756
1.362084
1.364666
1.381449
1.408560
1.424051
1.434379
1.443416
1.436961
1.430506
1.422760
1.424051
1.425342
1.422760
1.403396
1.407269
1.412432
1.424051
1.440834
1.487309
1.489891
1.476982
1.465363
1.445998
1.429215
1.433088
1.455035
1.460199
1.440834
1.412432
1.374994
1.378867
1.385322
1.378867
1.368539
1.360793
1.372412
1.350465
1.362084
1.365957
1.378867
1.380158
1.382740
1.398232
1.451162
1.471818
1.458908
1.431797
1.408560
1.399523
1.386613
1.372412
1.369830
1.374994
1.368539
1.256224
1.147781
1.169728
1.340137
1.461490
1.519584
1.528621
1.523457
1.514420
1.498928
1.488600
1.495055
1.507965
1.502801
1.484728
1.354338
1.273006
1.347883
1.422760
1.457617
1.396941
1.313027
1.300117
1.349174
1.408560
1.471818
1.435670
1.297535
1.319482
1.384031
1.425342
1.458908
1.476982
1.475691
1.462781
1.444707
1.416305
1.386613
1.346592
1.274297
1.273006
1.314318
1.350465
1.368539
1.376285
1.381449
1.329810
1.269133
1.306572
1.377576
1.452453
1.523457
1.562186
1.582842
1.549277
1.492473
1.377576
1.301408
1.283334
1.297535
1.338846
1.369830
1.396941
1.371121
1.363375
1.402105
1.444707
1.457617
1.458908
1.431797
1.415014
1.398232
1.380158
1.334974
1.364666
1.436961
1.452453
1.436961
1.386613
1.360793
1.408560
1.443416
1.456326
1.447289
1.412432
1.389195
1.359502
1.336264
1.345301
1.387904
1.395650
1.391777
1.400814
1.429215
1.445998
1.427924
1.398232
1.415014
1.399523
1.408560
1.407269
1.384031
1.378867
1.369830
1.389195
1.421469
1.427924
1.429215
1.418887
1.416305
1.384031
1.355629
1.344010
1.355629
1.395650
1.424051
1.430506
1.435670
1.434379
1.431797
1.425342
1.415014
1.407269
1.400814
1.402105
1.409851
1.418887
1.426633
1.415014
1.398232
1.362084
1.322064
1.313027
1.319482
1.329810
1.340137
1.358211
1.378867
1.380158
1.396941
1.415014
1.421469
1.411141
1.363375
1.328519
1.306572
1.365957
1.453744
1.451162
1.496346
1.480855
1.458908
1.455035
1.455035
1.457617
1.429215
1.402105
1.424051
1.439543
1.413723
1.402105
1.413723
1.424051
1.433088
1.417596
1.393068
1.389195
1.385322
1.360793
1.364666
1.382740
1.385322
1.377576
1.380158
1.385322
1.398232
1.399523
1.402105
1.384031
1.384031
1.384031
1.398232
1.420178
1.399523
1.372412
1.381449
1.391777
1.389195
1.367248
1.368539
1.386613
1.398232
1.411141
1.430506
1.439543
1.407269
1.405978
1.425342
1.434379
1.424051
1.394359
1.387904
1.373703
1.371121
1.377576
1.381449
1.371121
1.351756
1.349174
1.359502
1.376285
1.380158
1.393068
1.417596
1.442125
1.455035
1.455035
1.455035
1.449871
1.440834
1.440834
1.445998
1.442125
1.436961
1.438252
1.430506
1.422760
1.420178
1.415014
1.407269
1.398232
1.398232
1.387904
1.380158
1.377576
1.386613
1.391777
1.386613
1.381449
1.386613
1.380158
1.382740
1.377576
1.372412
1.371121
1.378867
1.378867
1.384031
1.402105
1.411141
1.418887
1.425342
1.430506
1.445998
1.447289
1.444707
1.434379
1.431797
1.425342
1.429215
1.433088
1.436961
1.430506
1.426633
1.415014
1.407269
1.395650
1.389195
1.380158
1.377576
1.373703
1.378867
1.374994
1.390486
1.403396
1.404687
1.396941
1.389195
1.387904
1.398232
1.413723
1.425342
1.426633
1.424051
1.415014
1.405978
1.393068
1.387904
1.382740
1.380158
1.384031
1.380158
1.373703
1.368539
1.374994
1.381449
1.382740
1.385322
1.387904
1.381449
1.369830
1.369830
1.368539
1.363375
1.362084
1.358211
1.356920
1.364666
1.374994
1.371121
1.362084
1.364666
1.376285
1.385322
1.394359
1.405978
1.411141
1.415014
1.411141
1.405978
1.399523
1.395650
1.402105
1.408560
1.409851
1.416305
1.420178
1.425342
1.431797
1.430506
1.422760
1.427924
1.429215
1.433088
1.429215
1.426633
1.420178
1.412432
1.405978
1.405978
1.404687
1.402105
1.389195
1.380158
1.384031
1.389195
1.389195
1.389195
1.386613
1.387904
1.385322
1.400814
1.407269
1.408560
1.409851
1.413723
1.407269
1.407269
1.408560
1.412432
1.409851
1.399523
1.390486
1.385322
1.385322
1.382740
1.382740
1.386613
1.396941
1.403396
1.405978
1.407269
1.412432
1.422760
1.421469
1.418887
1.415014
1.409851
1.398232
1.384031
1.385322
1.376285
1.378867
1.389195
1.394359
1.398232
1.405978
1.415014
1.411141
1.398232
1.398232
1.402105
1.412432
1.433088
1.449871
1.456326
1.460199
1.466654
1.467945
1.457617
1.442125
1.427924
1.411141
1.395650
1.385322
1.381449
1.371121
1.358211
1.350465
1.340137
1.336264
1.346592
1.356920
1.358211
1.362084
1.362084
1.358211
1.351756
1.345301
1.353047
1.359502
1.360793
1.355629
1.355629
1.371121
1.393068
1.409851
1.416305
1.416305
1.421469
1.434379
1.413723
1.389195
1.355629
1.354338
1.359502
1.365957
1.369830
1.376285
1.376285
1.325937
1.369830
1.430506
1.458908
1.455035
1.451162
1.440834
1.420178
1.384031
1.384031
1.393068
1.409851
1.433088
1.462781
1.489891
1.493764
1.479564
1.462781
1.445998
1.434379
1.413723
1.398232
1.395650
1.400814
1.399523
1.413723
1.422760
1.426633
1.418887
1.416305
1.402105
1.363375
1.334974
1.336264
1.349174
1.374994
1.395650
1.435670
1.476982
1.489891
1.476982
1.448580
1.434379
1.425342
1.420178
1.412432
1.378867
1.347883
1.297535
1.273006
1.270424
1.297535
1.328519
1.377576
1.436961
1.495055
1.541531
1.576387
1.567350
1.466654
1.385322
1.346592
1.323355
1.296244
1.280752
1.311736
1.362084
1.403396
1.430506
1.449871
1.460199
1.465363
1.442125
1.413723
1.399523
1.396941
1.373703
1.346592
1.353047
1.367248
1.373703
1.384031
1.389195
1.399523
1.409851
1.421469
1.426633
1.424051
1.413723
1.402105
1.396941
1.398232
1.402105
1.405978
1.398232
1.404687
1.409851
1.415014
1.411141
1.394359
1.374994
1.369830
1.372412
1.386613
1.398232
1.407269
1.399523
1.390486
1.382740
1.389195
1.381449
1.393068
1.387904
1.395650
1.405978
1.398232
1.417596
1.436961
1.424051
1.390486
1.359502
1.267842
1.159400
1.243314
1.319482
1.385322
1.438252
1.466654
1.478273
1.474400
1.458908
1.444707
1.427924
1.434379
1.429215
1.407269
1.415014
1.431797
1.457617
1.474400
1.479564
1.483437
1.500219
1.489891
1.467945
1.420178
1.346592
1.234277
1.140035
1.196838
1.431797
1.611244
1.682248
1.683539
1.651264
1.604789
1.538949
1.474400
1.408560
1.377576
1.340137
1.171019
1.003191
1.084523
1.235568
1.378867
1.470527
1.526039
1.537658
1.522166
1.493764
1.460199
1.429215
1.360793
1.163273
0.964461
0.862474
0.923150
1.225240
1.500219
1.652555
1.684830
1.635772
1.578969
1.544113
1.510547
1.332392
1.143908
1.119379
1.274297
1.411141
1.487309
1.501510
1.522166
1.489891
1.431797
1.399523
1.387904
1.409851
1.449871
1.487309
1.528621
1.541531
1.540240
1.517002
1.464072
1.444707
1.429215
1.409851
1.384031
1.358211
1.355629
1.363375
1.371121
1.384031
1.393068
1.387904
1.376285
1.382740
1.387904
1.400814
1.407269
1.416305
1.426633
1.438252
1.449871
1.435670
1.405978
1.371121
1.287207
1.191674
1.289789
1.342719
1.344010
1.371121
1.443416
1.425342
1.407269
1.402105
1.363375
1.386613
1.415014
1.403396
1.378867
1.382740
1.408560
1.412432
1.395650
1.385322
1.385322
1.378867
1.381449
1.400814
1.412432
1.404687
1.417596
1.430506
1.444707
1.458908
1.452453
1.436961
1.396941
1.354338
1.315609
1.347883
1.430506
1.451162
1.425342
1.400814
1.376285
1.389195
1.413723
1.429215
1.429215
1.424051
1.393068
1.372412
1.371121
1.393068
1.409851
1.412432
1.405978
1.389195
1.378867
1.380158
1.360793
1.350465
1.364666
1.371121
1.381449
1.393068
1.393068
1.365957
1.316900
1.274297
1.300117
1.373703
1.456326
1.493764
1.523457
1.513129
1.496346
1.466654
1.421469
1.385322
1.382740
1.405978
1.451162
1.526039
1.578969
1.599625
1.584133
1.566059
1.533785
1.495055
1.439543
1.400814
1.376285
1.354338
1.315609
1.240732
1.221367
1.240732
1.276879
1.303990
1.305281
1.305281
1.305281
1.309154
1.278170
1.218785
1.213621
1.332392
1.457617
1.489891
1.442125
1.420178
1.427924
1.466654
1.505383
1.509256
1.505383
1.495055
1.496346
1.515711
1.528621
1.536367
1.535076
1.518293
1.495055
1.461490
1.436961
1.404687
1.378867
1.347883
1.303990
1.247187
1.168437
1.087105
0.969625
0.950261
1.039338
1.174892
1.314318
1.461490
1.571223
1.618990
1.637063
1.635772
1.628027
1.616408
1.585424
1.537658
1.505383
1.493764
1.482146
1.466654
1.438252
1.399523
1.368539
1.333683
1.296244
1.183929
1.146490
1.191674
1.265260
1.346592
1.429215
1.496346
1.536367
1.555732
1.536367
1.520875
1.514420
1.496346
1.470527
1.449871
1.433088
1.421469
1.409851
1.394359
1.364666
1.341428
1.337555
1.324646
1.314318
1.296244
1.282043
1.306572
1.351756
1.396941
1.421469
1.435670
1.439543
1.440834
1.440834
1.434379
1.430506
1.422760
1.420178
1.412432
1.393068
1.374994
1.371121
1.387904
1.403396
1.407269
1.390486
1.384031
1.365957
1.373703
1.355629
1.345301
1.353047
1.367248
1.381449
1.398232
1.389195
1.394359
1.431797
1.464072
1.486018
1.489891
1.479564
1.436961
1.350465
1.292371
1.263969
1.265260
1.262678
1.279461
1.336264
1.394359
1.444707
1.476982
1.492473
1.506674
1.498928
1.484728
1.457617
1.427924
1.412432
1.408560
1.390486
1.386613
1.394359
1.385322
1.363375
1.362084
1.362084
1.363375
1.365957
1.369830
1.373703
1.371121
1.382740
1.396941
1.415014
1.418887
1.421469
1.461490
1.509256
1.533785
1.527330
1.510547
1.476982
1.438252
1.400814
1.362084
1.325937
1.301408
1.282043
1.279461
1.278170
1.280752
1.323355
1.390486
1.429215
1.440834
1.466654
1.474400
1.470527
1.458908
1.447289
1.425342
1.399523
1.385322
1.360793
1.354338
1.382740
1.400814
1.415014
1.400814
1.395650
1.399523
1.393068
1.381449
1.393068
1.409851
1.413723
1.403396
1.380158
1.354338
1.338846
1.333683
1.356920
1.391777
1.403396
1.408560
1.411141
1.412432
1.421469
1.417596
1.415014
1.418887
1.412432
1.404687
1.408560
1.400814
1.386613
1.372412
1.381449
1.384031
1.396941
1.412432
1.433088
1.449871
1.451162
1.433088
1.411141
1.396941
1.394359
1.398232
1.400814
1.405978
1.417596
1.439543
1.448580
1.462781
1.498928
1.511838
1.480855
1.434379
1.400814
1.398232
1.387904
1.385322
1.386613
1.385322
1.390486
1.394359
1.398232
1.376285
1.356920
1.344010
1.346592
1.362084
1.369830
1.380158
1.376285
1.362084
1.340137
1.328519
1.340137
1.306572
1.287207
1.289789
1.305281
1.337555
1.349174
1.350465
1.298826
1.222658
1.305281
1.435670
1.527330
1.563477
1.568641
1.558314
1.551859
1.535076
1.524748
1.547986
1.571223
1.576387
1.562186
1.546695
1.535076
1.511838
1.480855
1.447289
1.421469
1.405978
1.382740
1.354338
1.331101
1.320773
1.313027
1.307863
1.302699
1.300117
1.306572
1.303990
1.300117
1.298826
1.291080
1.223949
1.018683
1.018683
1.127125
1.263969
1.408560
1.514420
1.581551
1.608662
1.611244
1.586715
1.568641
1.536367
1.497637
1.455035
1.424051
1.400814
1.390486
1.376285
1.365957
1.365957
1.365957
1.356920
1.353047
1.345301
1.340137
1.300117
1.191674
1.165855
1.244605
1.362084
1.497637
1.600916
1.657719
1.669338
1.655137
1.631900
1.593170
1.555732
1.514420
1.480855
1.448580
1.417596
1.381449
1.353047
1.327228
1.152945
0.916695
0.862474
0.961880
1.134871
1.367248
1.547986
1.607371
1.622863
1.624154
1.616408
1.621572
1.589297
1.569932
1.549277
1.522166
1.486018
1.455035
1.429215
1.400814
1.359502
1.337555
1.313027
1.292371
1.282043
1.271715
1.208457
1.085814
0.964461
0.938642
0.982535
1.081941
1.226531
1.381449
1.504092
1.589297
1.630609
1.661592
1.664174
1.647391
1.622863
1.609953
1.593170
1.577678
1.562186
1.533785
1.506674
1.484728
1.465363
1.443416
1.429215
1.371121
1.266551
1.163273
0.937351
0.813417
0.856019
1.017392
1.260097
1.430506
1.545404
1.597043
1.622863
1.612535
1.594461
1.588006
1.571223
1.545404
1.540240
1.533785
1.528621
1.524748
1.513129
1.487309
1.470527
1.451162
1.436961
1.417596
1.396941
1.385322
1.373703
1.371121
1.372412
1.362084
1.347883
1.340137
1.340137
1.349174
1.347883
1.344010
1.344010
1.341428
1.347883
1.355629
1.367248
1.364666
1.354338
1.325937
1.316900
1.340137
1.380158
1.421469
1.440834
1.447289
1.449871
1.456326
1.449871
1.448580
1.445998
1.442125
1.433088
1.433088
1.435670
1.420178
1.417596
1.408560
1.402105
1.384031
1.331101
1.297535
1.314318
1.336264
1.359502
1.376285
1.382740
1.376285
1.374994
1.376285
1.347883
1.334974
1.408560
1.497637
1.540240
1.544113
1.505383
1.460199
1.424051
1.390486
1.363375
1.359502
1.369830
1.291080
1.238150
1.316900
1.318191
1.417596
1.573805
1.651264
1.664174
1.629318
1.567350
1.500219
1.451162
1.418887
1.394359
1.367248
1.341428
1.305281
1.284625
1.297535
1.325937
1.340137
1.362084
1.386613
1.409851
1.427924
1.442125
1.438252
1.429215
1.409851
1.390486
1.368539
1.349174
1.327228
1.320773
1.322064
1.341428
1.350465
1.364666
1.372412
1.376285
1.393068
1.405978
1.407269
1.400814
1.399523
1.398232
1.396941
1.394359
1.395650
1.400814
1.408560
1.408560
1.418887
1.421469
1.427924
1.288498
1.298826
1.416305
1.473109
1.461490
1.430506
1.416305
1.408560
1.408560
1.363375
1.356920
1.296244
1.323355
1.387904
1.484728
1.540240
1.538949
1.527330
1.510547
1.493764
1.448580
1.387904
1.334974
1.331101
1.387904
1.438252
1.455035
1.435670
1.430506
1.438252
1.445998
1.443416
1.448580
1.444707
1.435670
1.416305
1.389195
1.344010
1.287207
1.257515
1.256224
1.256224
1.298826
1.351756
1.391777
1.411141
1.420178
1.403396
1.368539
1.338846
1.346592
1.378867
1.407269
1.418887
1.429215
1.443416
1.451162
1.448580
1.439543
1.431797
1.420178
1.418887
1.413723
1.403396
1.377576
1.356920
1.371121
1.405978
1.440834
1.456326
1.448580
1.443416
1.429215
1.402105
1.372412
1.351756
1.346592
1.328519
1.349174
1.378867
1.404687
1.411141
1.408560
1.398232
1.391777
1.391777
1.400814
1.403396
1.403396
1.408560
1.407269
1.394359
1.396941
1.409851
1.411141
1.407269
1.399523
1.399523
1.393068
1.376285
1.364666
1.396941
1.407269
1.420178
1.405978
1.385322
1.387904
1.386613
1.391777
1.399523
1.409851
1.400814
1.356920
1.307863
1.298826
1.316900
1.342719
1.380158
1.426633
1.474400
1.498928
1.522166
1.518293
1.504092
1.492473
1.470527
1.438252
1.411141
1.387904
1.373703
1.363375
1.355629
1.347883
1.316900
1.301408
1.314318
1.345301
1.381449
1.398232
1.413723
1.433088
1.431797
1.440834
1.426633
1.409851
1.412432
1.417596
1.422760
1.403396
1.363375
1.324646
1.305281
1.331101
1.351756
1.381449
1.403396
1.426633
1.444707
1.469236
1.488600
1.505383
1.515711
1.520875
1.515711
1.492473
1.470527
1.452453
1.433088
1.421469
1.393068
1.355629
1.319482
1.315609
1.294953
1.294953
1.313027
1.337555
1.367248
1.384031
1.391777
1.400814
1.403396
1.402105
1.402105
1.402105
1.407269
1.405978
1.407269
1.412432
1.404687
1.403396
1.412432
1.420178
1.420178
1.413723
1.409851
1.413723
1.409851
1.411141
1.408560
1.404687
1.407269
1.407269
1.411141
1.402105
1.399523
1.404687
1.400814
1.402105
1.411141
1.415014
1.416305
1.417596
1.413723
1.407269
1.405978
1.411141
1.409851
1.412432
1.420178
1.409851
1.409851
1.407269
1.394359
1.381449
1.373703
1.385322
1.380158
1.384031
1.386613
1.389195
1.394359
1.395650
1.402105
1.405978
1.398232
1.400814
1.394359
1.393068
1.399523
1.384031
1.381449
1.382740
1.382740
1.384031
1.378867
1.380158
1.382740
1.381449
1.377576
1.385322
1.389195
1.389195
1.390486
1.384031
1.382740
1.381449
1.382740
1.380158
1.364666
1.342719
1.337555
1.347883
1.360793
1.374994
1.387904
1.386613
1.369830
1.359502
1.365957
1.363375
1.364666
1.374994
1.393068
1.408560
1.430506
1.452453
1.465363
1.470527
1.465363
1.464072
1.467945
1.467945
1.466654
1.465363
1.456326
1.453744
1.439543
1.439543
1.438252
1.429215
1.415014
1.403396
1.391777
1.385322
1.380158
1.384031
1.374994
1.329810
1.309154
1.313027
1.328519
1.355629
1.387904
1.402105
1.416305
1.418887
1.413723
1.424051
1.416305
1.417596
1.416305
1.412432
1.412432
1.409851
1.408560
1.407269
1.399523
1.398232
1.395650
1.405978
1.416305
1.412432
1.413723
1.412432
1.411141
1.409851
1.405978
1.399523
1.389195
1.376285
1.378867
1.381449
1.382740
1.387904
1.387904
1.386613
1.377576
1.378867
1.382740
1.368539
1.360793
1.351756
1.346592
1.338846
1.347883
1.365957
1.393068
1.417596
1.433088
1.447289
1.449871
1.442125
1.430506
1.429215
1.421469
1.420178
1.416305
1.421469
1.438252
1.447289
1.448580
1.458908
1.452453
1.451162
1.443416
1.439543
1.426633
1.416305
1.413723
1.404687
1.399523
1.393068
1.381449
1.368539
1.378867
1.373703
1.378867
1.384031
1.387904
1.395650
1.404687
1.407269
1.399523
1.393068
1.390486
1.390486
1.393068
1.390486
1.381449
1.342719
1.354338
1.382740
1.411141
1.433088
1.436961
1.438252
1.431797
1.426633
1.417596
1.417596
1.415014
1.404687
1.391777
1.385322
1.380158
1.381449
1.385322
1.387904
1.399523
1.398232
1.395650
1.393068
1.395650
1.390486
1.391777
1.393068
1.395650
1.396941
1.398232
1.400814
1.404687
1.403396
1.387904
1.386613
1.384031
1.382740
1.384031
1.398232
1.416305
1.422760
1.424051
1.422760
1.422760
1.416305
1.408560
1.403396
1.402105
1.402105
1.398232
1.398232
1.396941
1.403396
1.398232
1.399523
1.399523
1.400814
1.399523
1.396941
1.393068
1.395650
1.393068
1.395650
1.400814
1.409851
1.415014
1.417596
1.426633
1.421469
1.417596
1.413723
1.400814
1.403396
1.405978
1.407269
1.402105
1.398232
1.393068
1.394359
1.394359
1.391777
1.390486
1.387904
1.387904
1.387904
1.380158
1.371121
1.380158
1.380158
1.377576
1.387904
1.393068
1.394359
1.396941
1.398232
1.400814
1.405978
1.403396
1.400814
1.400814
1.402105
1.404687
1.408560
1.405978
1.400814
1.403396
1.402105
1.396941
1.399523
1.403396
1.400814
1.394359
1.390486
1.387904
1.386613
1.385322
1.390486
1.386613
1.395650
1.398232
1.412432
1.407269
1.403396
1.408560
1.400814
1.395650
1.404687
1.404687
1.405978
1.407269
1.408560
1.403396
1.402105
1.403396
1.403396
1.400814
1.395650
1.405978
1.409851
1.403396
1.395650
1.391777
1.396941
1.393068
1.398232
1.405978
1.415014
1.407269
1.400814
1.390486
1.389195
1.391777
1.395650
1.385322
1.389195
1.390486
1.396941
1.404687
1.404687
1.412432
1.411141
1.404687
1.404687
1.408560
1.415014
1.412432
1.408560
1.404687
1.404687
1.395650
1.390486
1.396941
1.396941
1.396941
1.404687
1.402105
1.395650
1.384031
1.377576
1.374994
1.376285
1.380158
1.394359
1.403396
1.412432
1.415014
1.417596
1.416305
1.418887
1.421469
1.415014
1.408560
1.404687
1.402105
1.402105
1.396941
1.395650
1.396941
1.400814
1.403396
1.408560
1.402105
1.396941
1.398232
1.408560
1.416305
1.421469
1.420178
1.420178
1.421469
1.416305
1.403396
1.386613
1.371121
1.368539
1.369830
1.374994
1.387904
1.398232
1.404687
1.402105
1.400814
1.407269
1.405978
1.405978
1.400814
1.402105
1.398232
1.399523
1.412432
1.420178
1.420178
1.409851
1.400814
1.398232
1.399523
1.405978
1.409851
1.413723
1.418887
1.422760
1.420178
1.413723
1.405978
1.396941
1.391777
1.393068
1.390486
1.399523
1.407269
1.405978
1.399523
1.394359
1.395650
1.396941
1.402105
1.411141
1.411141
1.411141
1.405978
1.407269
1.407269
1.409851
1.404687
1.394359
1.394359
1.398232
1.403396
1.404687
1.405978
1.402105
1.398232
1.398232
1.394359
1.394359
1.394359
1.387904
1.382740
1.367248
1.364666
1.354338
1.347883
1.345301
1.329810
1.331101
1.338846
1.350465
1.356920
1.345301
1.322064
1.313027
1.316900
1.327228
1.345301
1.377576
1.415014
1.430506
1.439543
1.445998
1.452453
1.436961
1.421469
1.417596
1.417596
1.413723
1.407269
1.387904
1.374994
1.368539
1.374994
1.395650
1.411141
1.418887
1.424051
1.431797
1.439543
1.452453
1.467945
1.473109
1.469236
1.475691
1.466654
1.467945
1.458908
1.458908
1.449871
1.439543
1.415014
1.398232
1.393068
1.398232
1.407269
1.409851
1.412432
1.405978
1.404687
1.411141
1.399523
1.400814
1.391777
1.385322
1.382740
1.386613
1.389195
1.394359
1.398232
1.402105
1.402105
1.399523
1.394359
1.391777
1.387904
1.387904
1.386613
1.387904
1.385322
1.393068
1.389195
1.387904
1.389195
1.391777
1.391777
1.387904
1.390486
1.393068
1.394359
1.395650
1.395650
1.389195
1.387904
1.394359
1.382740
1.381449
1.382740
1.394359
1.403396
1.403396
1.400814
1.394359
1.393068
1.398232
1.399523
1.408560
1.412432
1.408560
1.398232
1.400814
1.398232
1.396941
1.403396
1.403396
1.417596
1.431797
1.426633
1.424051
1.417596
1.412432
1.404687
1.407269
1.409851
1.407269
1.402105
1.400814
1.395650
1.393068
1.390486
1.391777
1.390486
1.395650
1.395650
1.391777
1.387904
1.377576
1.359502
1.310445
1.297535
1.324646
1.347883
1.367248
1.381449
1.407269
1.439543
1.462781
1.478273
1.473109
1.474400
1.470527
1.466654
1.461490
1.448580
1.443416
1.429215
1.412432
1.391777
1.377576
1.369830
1.369830
1.368539
1.368539
1.364666
1.373703
1.385322
1.389195
1.382740
1.381449
1.395650
1.412432
1.407269
1.405978
1.403396
1.405978
1.412432
1.421469
1.412432
1.400814
1.398232
1.407269
1.412432
1.416305
1.422760
1.424051
1.427924
1.429215
1.424051
1.408560
1.385322
1.374994
1.374994
1.381449
1.381449
1.387904
1.389195
1.399523
1.402105
1.405978
1.404687
1.404687
1.411141
1.418887
1.411141
1.402105
1.402105
1.396941
1.399523
1.409851
1.408560
1.409851
1.412432
1.411141
1.405978
1.400814
1.391777
1.389195
1.389195
1.385322
1.369830
1.365957
1.369830
1.374994
1.377576
1.381449
1.378867
1.378867
1.382740
1.376285
1.367248
1.368539
1.374994
1.378867
1.387904
1.391777
1.395650
1.396941
1.405978
1.415014
1.422760
1.427924
1.426633
1.422760
1.425342
1.427924
1.427924
1.421469
1.420178
1.418887
1.399523
1.387904
1.374994
1.373703
1.376285
1.381449
1.372412
1.365957
1.360793
1.363375
1.405978
1.439543
1.457617
1.471818
1.469236
1.465363
1.461490
1.458908
1.405978
1.369830
1.353047
1.353047
1.351756
1.355629
1.356920
1.359502
1.360793
1.368539
1.378867
1.378867
1.387904
1.395650
1.391777
1.399523
1.412432
1.417596
1.422760
1.408560
1.384031
1.385322
1.382740
1.403396
1.436961
1.440834
1.436961
1.429215
1.422760
1.435670
1.417596
1.385322
1.377576
1.378867
1.389195
1.386613
1.373703
1.359502
1.367248
1.376285
1.385322
1.386613
1.403396
1.429215
1.427924
1.427924
1.431797
1.427924
1.435670
1.434379
1.429215
1.416305
1.400814
1.398232
1.418887
1.427924
1.434379
1.424051
1.413723
1.404687
1.398232
1.384031
1.377576
1.360793
1.347883
1.354338
1.358211
1.362084
1.367248
1.369830
1.373703
1.415014
1.453744
1.479564
1.492473
1.501510
1.502801
1.510547
1.502801
1.479564
1.438252
1.429215
1.415014
1.363375
1.334974
1.362084
1.396941
1.416305
1.424051
1.417596
1.373703
1.341428
1.331101
1.329810
1.332392
1.333683
1.333683
1.349174
1.367248
1.381449
1.377576
1.355629
1.338846
1.340137
1.344010
1.347883
1.350465
1.353047
1.356920
1.377576
1.402105
1.433088
1.452453
1.460199
1.460199
1.462781
1.457617
1.452453
1.452453
1.445998
1.435670
1.433088
1.435670
1.427924
1.424051
1.416305
1.393068
1.390486
1.390486
1.393068
1.389195
1.374994
1.367248
1.363375
1.368539
1.382740
1.400814
1.409851
1.409851
1.413723
1.429215
1.433088
1.426633
1.424051
1.416305
1.408560
1.384031
1.374994
1.381449
1.377576
1.373703
1.384031
1.382740
1.382740
1.378867
1.374994
1.373703
1.368539
1.294953
1.275588
1.315609
1.342719
1.360793
1.369830
1.380158
1.398232
1.408560
1.404687
1.398232
1.402105
1.404687
1.409851
1.417596
1.433088
1.431797
1.436961
1.439543
1.427924
1.422760
1.425342
1.390486
1.307863
1.279461
1.293662
1.329810
1.371121
1.476982
1.560895
1.588006
1.553150
1.522166
1.493764
1.453744
1.456326
1.449871
1.430506
1.420178
1.400814
1.378867
1.380158
1.402105
1.415014
1.416305
1.420178
1.416305
1.409851
1.405978
1.409851
1.421469
1.413723
1.421469
1.425342
1.417596
1.409851
1.407269
1.386613
1.373703
1.320773
1.278170
1.260097
1.270424
1.288498
1.310445
1.332392
1.358211
1.387904
1.433088
1.460199
1.476982
1.473109
1.461490
1.457617
1.451162
1.442125
1.429215
1.424051
1.385322
1.372412
1.398232
1.424051
1.425342
1.429215
1.427924
1.424051
1.412432
1.394359
1.387904
1.377576
1.384031
1.381449
1.385322
1.390486
1.391777
1.399523
1.396941
1.402105
1.402105
1.400814
1.396941
1.391777
1.394359
1.394359
1.394359
1.396941
1.395650
1.389195
1.402105
1.390486
1.390486
1.369830
1.349174
1.371121
1.391777
1.415014
1.418887
1.413723
1.403396
1.395650
1.387904
1.374994
1.373703
1.376285
1.385322
1.399523
1.394359
1.404687
1.399523
1.394359
1.398232
1.362084
1.358211
1.368539
1.382740
1.398232
1.396941
1.381449
1.399523
1.420178
1.430506
1.445998
1.461490
1.436961
1.438252
1.402105
1.376285
1.362084
1.347883
1.208457
1.080650
1.005773
0.982535
1.009646
1.088396
1.169728
1.298826
1.549277
1.748088
1.832002
1.843621
1.803600
1.751961
1.688703
1.615117
1.542822
1.495055
1.456326
1.425342
1.398232
1.382740
1.358211
1.368539
1.386613
1.385322
1.377576
1.380158
1.412432
1.429215
1.417596
1.421469
1.412432
1.399523
1.391777
1.385322
1.381449
1.389195
1.395650
1.443416
1.480855
1.515711
1.515711
1.506674
1.476982
1.453744
1.431797
1.385322
1.347883
1.322064
1.301408
1.279461
1.267842
1.278170
1.285916
1.306572
1.331101
1.376285
1.405978
1.442125
1.457617
1.465363
1.458908
1.455035
1.444707
1.431797
1.409851
1.391777
1.373703
1.365957
1.362084
1.363375
1.364666
1.365957
1.367248
1.342719
1.303990
1.278170
1.270424
1.276879
1.287207
1.319482
1.349174
1.368539
1.371121
1.372412
1.382740
1.408560
1.436961
1.453744
1.456326
1.461490
1.447289
1.460199
1.470527
1.471818
1.474400
1.475691
1.486018
1.495055
1.492473
1.483437
1.471818
1.475691
1.469236
1.455035
1.436961
1.412432
1.380158
1.349174
1.323355
1.314318
1.318191
1.316900
1.324646
1.322064
1.329810
1.329810
1.324646
1.331101
1.344010
1.354338
1.355629
1.342719
1.327228
1.371121
1.417596
1.452453
1.475691
1.458908
1.380158
1.338846
1.334974
1.344010
1.368539
1.400814
1.427924
1.442125
1.491182
1.518293
1.520875
1.523457
1.528621
1.524748
1.514420
1.504092
1.488600
1.470527
1.455035
1.451162
1.452453
1.434379
1.394359
1.413723
1.418887
1.387904
1.367248
1.389195
1.374994
1.344010
1.313027
1.322064
1.338846
1.354338
1.349174
1.354338
1.362084
1.373703
1.393068
1.398232
1.403396
1.409851
1.436961
1.458908
1.457617
1.434379
1.390486
1.360793
1.350465
1.347883
1.342719
1.346592
1.358211
1.365957
1.372412
1.386613
1.390486
1.399523
1.411141
1.429215
1.434379
1.438252
1.433088
1.435670
1.430506
1.421469
1.403396
1.389195
1.376285
1.353047
1.260097
1.199420
1.186511
1.192965
1.249769
1.329810
1.390486
1.442125
1.497637
1.522166
1.533785
1.522166
1.507965
1.491182
1.474400
1.447289
1.447289
1.435670
1.427924
1.426633
1.420178
1.408560
1.403396
1.404687
1.402105
1.405978
1.411141
1.413723
1.405978
1.396941
1.387904
1.382740
1.386613
1.382740
1.384031
1.381449
1.385322
1.400814
1.405978
1.408560
1.409851
1.399523
1.389195
1.389195
1.390486
1.394359
1.394359
1.395650
1.398232
1.402105
1.402105
1.408560
1.404687
1.398232
1.390486
1.393068
1.391777
1.394359
1.396941
1.394359
1.389195
1.395650
1.402105
1.402105
1.394359
1.395650
1.402105
1.411141
1.413723
1.412432
1.408560
1.402105
1.400814
1.400814
1.399523
1.399523
1.389195
1.386613
1.382740
1.390486
1.396941
1.399523
1.396941
1.347883
1.355629
1.389195
1.415014
1.426633
1.435670
1.431797
1.435670
1.429215
1.425342
1.416305
1.407269
1.398232
1.403396
1.404687
1.405978
1.400814
1.393068
1.387904
1.367248
1.369830
1.371121
1.374994
1.378867
1.381449
1.385322
1.391777
1.390486
1.398232
1.405978
1.411141
1.421469
1.413723
1.404687
1.403396
1.374994
1.199420
1.087105
1.212330
1.360793
1.462781
1.517002
1.536367
1.535076
1.522166
1.505383
1.491182
1.478273
1.461490
1.433088
1.422760
1.425342
1.420178
1.426633
1.421469
1.418887
1.415014
1.407269
1.404687
1.395650
1.395650
1.399523
1.399523
1.393068
1.390486
1.390486
1.385322
1.373703
1.374994
1.381449
1.387904
1.387904
1.386613
1.389195
1.386613
1.382740
1.380158
1.378867
1.385322
1.387904
1.385322
1.386613
1.398232
1.421469
1.424051
1.412432
1.408560
1.413723
1.384031
1.380158
1.204584
1.013519
0.903785
0.999318
1.248478
1.440834
1.545404
1.604789
1.625445
1.625445
1.615117
1.582842
1.562186
1.546695
1.517002
1.496346
1.473109
1.456326
1.434379
1.417596
1.405978
1.400814
1.404687
1.404687
1.396941
1.385322
1.381449
1.374994
1.380158
1.385322
1.391777
1.385322
1.380158
1.382740
1.376285
1.380158
1.398232
1.413723
1.417596
1.412432
1.409851
1.408560
1.409851
1.404687
1.407269
1.403396
1.267842
1.285916
1.334974
1.382740
1.412432
1.424051
1.434379
1.430506
1.430506
1.444707
1.467945
1.473109
1.440834
1.396941
1.360793
1.364666
1.377576
1.371121
1.391777
1.424051
1.418887
1.394359
1.381449
1.380158
1.372412
1.356920
1.362084
1.363375
1.376285
1.398232
1.413723
1.402105
1.404687
1.404687
1.408560
1.399523
1.386613
1.368539
1.356920
1.353047
1.349174
1.359502
1.385322
1.404687
1.416305
1.411141
1.399523
1.393068
1.405978
1.429215
1.434379
1.421469
1.385322
1.354338
1.334974
1.341428
1.356920
1.364666
1.381449
1.391777
1.395650
1.382740
1.380158
1.382740
1.391777
1.407269
1.442125
1.483437
1.502801
1.502801
1.502801
1.513129
1.533785
1.555732
1.555732
1.535076
1.514420
1.491182
1.467945
1.439543
1.413723
1.399523
1.402105
1.403396
1.396941
1.381449
1.368539
1.354338
1.347883
1.345301
1.342719
1.327228
1.282043
1.221367
1.214912
1.238150
1.280752
1.325937
1.358211
1.390486
1.405978
1.395650
1.405978
1.408560
1.405978
1.420178
1.420178
1.422760
1.421469
1.400814
1.396941
1.416305
1.421469
1.422760
1.420178
1.420178
1.405978
1.394359
1.387904
1.380158
1.376285
1.371121
1.341428
1.223949
1.129707
1.252351
1.328519
1.342719
1.334974
1.294953
1.340137
1.427924
1.497637
1.535076
1.563477
1.597043
1.597043
1.602207
1.590588
1.588006
1.581551
1.550568
1.520875
1.466654
1.444707
1.416305
1.355629
1.230404
1.225240
1.270424
1.338846
1.376285
1.420178
1.455035
1.462781
1.457617
1.443416
1.407269
1.377576
1.356920
1.347883
1.349174
1.369830
1.384031
1.386613
1.382740
1.373703
1.356920
1.329810
1.324646
1.340137
1.332392
1.324646
1.336264
1.351756
1.365957
1.378867
1.376285
1.389195
1.389195
1.391777
1.391777
1.400814
1.367248
1.305281
1.242023
1.138744
1.090978
1.172310
1.296244
1.438252
1.569932
1.639645
1.720977
1.802309
1.802309
1.763580
1.683539
1.611244
1.544113
1.486018
1.431797
1.327228
1.253642
1.230404
1.251060
1.298826
1.355629
1.427924
1.483437
1.504092
1.482146
1.466654
1.452453
1.442125
1.417596
1.402105
1.385322
1.365957
1.331101
1.313027
1.305281
1.302699
1.314318
1.323355
1.325937
1.319482
1.283334
1.230404
1.253642
1.310445
1.354338
1.395650
1.402105
1.382740
1.359502
1.381449
1.408560
1.422760
1.439543
1.444707
1.409851
1.385322
1.391777
1.403396
1.420178
1.424051
1.356920
1.132289
1.032884
1.079359
1.322064
1.555732
1.647391
1.634482
1.576387
1.589297
1.613826
1.607371
1.586715
1.553150
1.526039
1.519584
1.504092
1.479564
1.458908
1.435670
1.396941
1.363375
1.344010
1.332392
1.324646
1.310445
1.324646
1.355629
1.376285
1.382740
1.341428
1.320773
1.314318
1.324646
1.294953
1.225240
1.267842
1.313027
1.344010
1.373703
1.424051
1.467945
1.483437
1.476982
1.460199
1.431797
1.402105
1.390486
1.374994
1.359502
1.314318
1.297535
1.302699
1.345301
1.396941
1.438252
1.483437
1.554441
1.590588
1.581551
1.551859
1.509256
1.457617
1.394359
1.328519
1.296244
1.288498
1.289789
1.291080
1.316900
1.347883
1.378867
1.399523
1.407269
1.424051
1.429215
1.436961
1.447289
1.458908
1.465363
1.453744
1.440834
1.429215
1.422760
1.411141
1.405978
1.399523
1.393068
1.390486
1.390486
1.389195
1.382740
1.391777
1.400814
1.398232
1.405978
1.407269
1.412432
1.404687
1.399523
1.398232
1.402105
1.407269
1.404687
1.408560
1.407269
1.413723
1.411141
1.404687
1.412432
1.403396
1.399523
1.402105
1.400814
1.395650
1.391777
1.386613
1.384031
1.371121
1.377576
1.382740
1.384031
1.385322
1.385322
1.374994
1.367248
1.385322
1.381449
1.376285
1.372412
1.371121
1.368539
1.369830
1.372412
1.367248
1.368539
1.376285
1.400814
1.411141
1.407269
1.380158
1.342719
1.314318
1.310445
1.323355
1.367248
1.399523
1.415014
1.434379
1.479564
1.514420
1.515711
1.517002
1.505383
1.509256
1.501510
1.492473
1.501510
1.473109
1.464072
1.415014
1.332392
1.289789
1.271715
1.261388
1.253642
1.287207
1.387904
1.461490
1.500219
1.515711
1.511838
1.506674
1.484728
1.476982
1.457617
1.439543
1.420178
1.400814
1.380158
1.372412
1.359502
1.355629
1.358211
1.347883
1.342719
1.349174
1.342719
1.363375
1.369830
1.380158
1.382740
1.395650
1.407269
1.420178
1.434379
1.424051
1.416305
1.404687
1.390486
1.391777
1.385322
1.390486
1.391777
1.398232
1.400814
1.404687
1.395650
1.377576
1.367248
1.367248
1.376285
1.399523
1.417596
1.417596
1.402105
1.378867
1.369830
1.365957
1.381449
1.413723
1.467945
1.461490
1.443416
1.398232
1.346592
1.307863
1.305281
1.302699
1.296244
1.313027
1.319482
1.334974
1.311736
1.310445
1.331101
1.356920
1.391777
1.429215
1.427924
1.407269
1.424051
1.564768
1.665465
1.701613
1.691285
1.648682
1.593170
1.540240
1.495055
1.436961
1.381449
1.336264
1.302699
1.287207
1.284625
1.310445
1.336264
1.368539
1.398232
1.408560
1.364666
1.191674
1.134871
1.121961
1.101306
1.209748
1.405978
1.559605
1.635772
1.668047
1.660301
1.633191
1.600916
1.559605
1.509256
1.465363
1.427924
1.399523
1.373703
1.356920
1.337555
1.320773
1.289789
1.270424
1.231695
1.216203
1.293662
1.368539
1.408560
1.421469
1.426633
1.435670
1.426633
1.420178
1.416305
1.394359
1.341428
1.239441
1.192965
1.211039
1.266551
1.371121
1.496346
1.586715
1.624154
1.613826
1.598334
1.558314
1.517002
1.474400
1.431797
1.315609
1.195547
1.142617
1.154236
1.202002
1.258806
1.331101
1.382740
1.439543
1.469236
1.496346
1.518293
1.513129
1.497637
1.479564
1.467945
1.462781
1.439543
1.418887
1.408560
1.396941
1.390486
1.367248
1.382740
1.408560
1.415014
1.404687
1.369830
1.371121
1.403396
1.404687
1.399523
1.417596
1.466654
1.529912
1.599625
1.613826
1.559605
1.496346
1.422760
1.333683
1.243314
1.195547
1.169728
1.176183
1.227822
1.307863
1.380158
1.415014
1.412432
1.377576
1.346592
1.372412
1.426633
1.464072
1.466654
1.449871
1.452453
1.451162
1.404687
1.396941
1.420178
1.443416
1.442125
1.442125
1.425342
1.404687
1.399523
1.403396
1.386613
1.377576
1.390486
1.402105
1.415014
1.415014
1.394359
1.372412
1.362084
1.365957
1.374994
1.387904
1.400814
1.420178
1.420178
1.431797
1.431797
1.424051
1.421469
1.398232
1.365957
1.358211
1.356920
1.369830
1.412432
1.464072
1.484728
1.483437
1.486018
1.461490
1.431797
1.405978
1.381449
1.367248
1.347883
1.340137
1.346592
1.347883
1.355629
1.360793
1.360793
1.359502
1.354338
1.345301
1.331101
1.298826
1.292371
1.311736
1.341428
1.360793
1.378867
1.440834
1.526039
1.640936
1.708068
1.702904
1.666756
1.613826
1.555732
1.496346
1.448580
1.395650
1.363375
1.347883
1.342719
1.332392
1.325937
1.328519
1.322064
1.324646
1.328519
1.329810
1.318191
1.262678
1.217494
1.208457
1.234277
1.285916
1.336264
1.380158
1.405978
1.442125
1.457617
1.460199
1.456326
1.452453
1.444707
1.445998
1.442125
1.425342
1.412432
1.420178
1.434379
1.431797
1.418887
1.416305
1.393068
1.389195
1.390486
1.394359
1.396941
1.403396
1.405978
1.420178
1.438252
1.443416
1.439543
1.431797
1.427924
1.416305
1.347883
1.207166
1.103888
1.089687
1.134871
1.199420
1.291080
1.365957
1.439543
1.488600
1.519584
1.541531
1.551859
1.544113
1.520875
1.507965
1.491182
1.476982
1.460199
1.416305
1.407269
1.415014
1.411141
1.391777
1.377576
1.369830
1.363375
1.344010
1.305281
1.292371
1.306572
1.314318
1.329810
1.382740
1.429215
1.466654
1.478273
1.476982
1.482146
1.479564
1.482146
1.484728
1.486018
1.480855
1.469236
1.455035
1.439543
1.411141
1.384031
1.344010
1.322064
1.303990
1.301408
1.305281
1.351756
1.398232
1.434379
1.443416
1.445998
1.445998
1.442125
1.440834
1.435670
1.443416
1.461490
1.479564
1.478273
1.473109
1.457617
1.464072
1.461490
1.455035
1.442125
1.426633
1.418887
1.404687
1.394359
1.385322
1.373703
1.364666
1.358211
1.349174
1.345301
1.354338
1.358211
1.362084
1.358211
1.363375
1.367248
1.363375
1.365957
1.367248
1.367248
1.373703
1.374994
1.376285
1.372412
1.374994
1.371121
1.376285
1.385322
1.386613
1.393068
1.403396
1.398232
1.386613
1.399523
1.390486
1.380158
1.376285
1.367248
1.371121
1.371121
1.373703
1.374994
1.381449
1.398232
1.400814
1.407269
1.403396
1.404687
1.402105
1.393068
1.403396
1.396941
1.400814
1.396941
1.403396
1.400814
1.354338
1.306572
1.274297
1.300117
1.372412
1.436961
1.484728
1.501510
1.489891
1.466654
1.457617
1.460199
1.470527
1.476982
1.479564
1.483437
1.482146
1.461490
1.440834
1.426633
1.421469
1.417596
1.400814
1.372412
1.346592
1.338846
1.337555
1.342719
1.353047
1.359502
1.356920
1.355629
1.367248
1.374994
1.382740
1.386613
1.398232
1.399523
1.393068
1.390486
1.396941
1.405978
1.426633
1.439543
1.442125
1.431797
1.420178
1.409851
1.399523
1.403396
1.404687
1.409851
1.413723
1.394359
1.378867
1.368539
1.354338
1.342719
1.300117
1.258806
1.319482
1.436961
1.495055
1.505383
1.484728
1.448580
1.418887
1.395650
1.347883
1.313027
1.311736
1.345301
1.391777
1.444707
1.510547
1.559605
1.573805
1.558314
1.511838
1.327228
1.096142
0.978662
0.919277
1.063867
1.212330
1.271715
1.296244
1.316900
1.333683
1.336264
1.356920
1.431797
1.511838
1.577678
1.628027
1.691285
1.710649
1.687412
1.642227
1.593170
1.551859
1.520875
1.497637
1.458908
1.369830
1.221367
1.164564
1.189092
1.296244
1.522166
1.692576
1.731305
1.689994
1.631900
1.510547
1.395650
1.240732
1.183929
1.226531
1.296244
1.363375
1.405978
1.413723
1.403396
1.442125
1.480855
1.492473
1.474400
1.405978
1.283334
1.121961
1.074195
1.123252
1.235568
1.407269
1.553150
1.594461
1.553150
1.458908
1.400814
1.373703
1.333683
1.319482
1.297535
1.226531
1.186511
1.198129
1.258806
1.353047
1.495055
1.622863
1.693867
1.719686
1.705486
1.659010
1.584133
1.502801
1.412432
1.344010
1.297535
1.242023
1.231695
1.292371
1.376285
1.449871
1.488600
1.506674
1.498928
1.500219
1.458908
1.404687
1.363375
1.337555
1.320773
1.302699
1.288498
1.269133
1.260097
1.253642
1.263969
1.284625
1.306572
1.351756
1.390486
1.413723
1.430506
1.427924
1.411141
1.356920
1.346592
1.380158
1.462781
1.578969
1.631900
1.642227
1.620281
1.576387
1.515711
1.418887
1.327228
1.267842
1.251060
1.261388
1.287207
1.310445
1.341428
1.372412
1.385322
1.385322
1.376285
1.385322
1.393068
1.395650
1.395650
1.387904
1.385322
1.393068
1.400814
1.413723
1.431797
1.438252
1.439543
1.431797
1.422760
1.416305
1.408560
1.409851
1.407269
1.400814
1.381449
1.345301
1.270424
1.279461
1.307863
1.315609
1.322064
1.350465
1.404687
1.496346
1.550568
1.593170
1.594461
1.581551
1.555732
1.515711
1.476982
1.436961
1.402105
1.398232
1.394359
1.350465
1.306572
1.301408
1.327228
1.351756
1.372412
1.389195
1.407269
1.417596
1.430506
1.452453
1.467945
1.434379
1.390486
1.364666
1.345301
1.340137
1.331101
1.305281
1.298826
1.316900
1.336264
1.345301
1.364666
1.387904
1.408560
1.413723
1.416305
1.411141
1.409851
1.405978
1.405978
1.403396
1.404687
1.403396
1.382740
1.371121
1.362084
1.328519
1.320773
1.356920
1.407269
1.448580
1.469236
1.500219
1.531203
1.555732
1.568641
1.506674
1.471818
1.426633
1.405978
1.374994
1.354338
1.347883
1.334974
1.311736
1.303990
1.309154
1.325937
1.349174
1.362084
1.393068
1.421469
1.434379
1.452453
1.467945
1.466654
1.456326
1.455035
1.453744
1.451162
1.452453
1.445998
1.438252
1.424051
1.404687
1.389195
1.381449
1.376285
1.386613
1.394359
1.393068
1.398232
1.396941
1.395650
1.395650
1.364666
1.345301
1.345301
1.354338
1.377576
1.412432
1.438252
1.451162
1.444707
1.427924
1.415014
1.418887
1.426633
1.421469
1.421469
1.418887
1.384031
1.346592
1.331101
1.320773
1.314318
1.300117
1.284625
1.283334
1.275588
1.269133
1.319482
1.374994
1.407269
1.426633
1.440834
1.462781
1.465363
1.464072
1.470527
1.470527
1.458908
1.462781
1.469236
1.467945
1.466654
1.456326
1.448580
1.443416
1.434379
1.435670
1.427924
1.434379
1.442125
1.442125
1.435670
1.418887
1.405978
1.395650
1.391777
1.390486
1.381449
1.374994
1.364666
1.359502
1.347883
1.360793
1.356920
1.353047
1.347883
1.336264
1.328519
1.307863
1.282043
1.267842
1.289789
1.276879
1.267842
1.291080
1.334974
1.378867
1.412432
1.430506
1.440834
1.462781
1.460199
1.445998
1.448580
1.451162
1.461490
1.467945
1.464072
1.473109
1.462781
1.460199
1.460199
1.473109
1.486018
1.491182
1.489891
1.467945
1.365957
1.332392
1.319482
1.306572
1.209748
1.160691
1.195547
1.258806
1.325937
1.373703
1.393068
1.417596
1.443416
1.453744
1.474400
1.422760
1.351756
1.292371
1.314318
1.424051
1.504092
1.540240
1.545404
1.533785
1.524748
1.520875
1.527330
1.529912
1.502801
1.479564
1.435670
1.377576
1.274297
1.274297
1.283334
1.300117
1.323355
1.363375
1.407269
1.443416
1.452453
1.461490
1.457617
1.445998
1.433088
1.443416
1.491182
1.505383
1.488600
1.445998
1.349174
1.313027
1.327228
1.390486
1.435670
1.451162
1.456326
1.453744
1.460199
1.455035
1.399523
1.298826
1.136162
1.088396
1.161982
1.285916
1.393068
1.478273
1.523457
1.547986
1.553150
1.546695
1.523457
1.501510
1.473109
1.449871
1.398232
1.368539
1.337555
1.328519
1.318191
1.275588
1.161982
1.136162
1.178765
1.265260
1.368539
1.469236
1.520875
1.549277
1.585424
1.597043
1.588006
1.554441
1.502801
1.436961
1.362084
1.301408
1.284625
1.292371
1.314318
1.320773
1.331101
1.340137
1.347883
1.356920
1.376285
1.411141
1.443416
1.462781
1.452453
1.456326
1.448580
1.449871
1.458908
1.460199
1.469236
1.474400
1.480855
1.478273
1.475691
1.471818
1.467945
1.466654
1.453744
1.433088
1.407269
1.373703
1.324646
1.174892
1.075486
1.059994
1.101306
1.178765
1.257515
1.331101
1.386613
1.422760
1.451162
1.458908
1.473109
1.487309
1.511838
1.517002
1.515711
1.514420
1.509256
1.502801
1.509256
1.501510
1.486018
1.460199
1.416305
1.371121
1.342719
1.328519
1.329810
1.341428
1.362084
1.377576
1.395650
1.400814
1.402105
1.405978
1.413723
1.408560
1.407269
1.409851
1.412432
1.433088
1.447289
1.444707
1.439543
1.434379
1.433088
1.426633
1.421469
1.418887
1.416305
1.407269
1.404687
1.378867
1.332392
1.310445
1.265260
1.248478
1.235568
1.239441
1.274297
1.328519
1.377576
1.404687
1.420178
1.371121
1.347883
1.345301
1.358211
1.378867
1.399523
1.422760
1.445998
1.458908
1.471818
1.476982
1.478273
1.469236
1.461490
1.465363
1.465363
1.458908
1.458908
1.444707
1.439543
1.442125
1.438252
1.433088
1.429215
1.426633
1.416305
1.408560
1.404687
1.416305
1.418887
1.424051
1.430506
1.430506
1.427924
1.422760
1.421469
1.416305
1.413723
1.404687
1.398232
1.396941
1.387904
1.374994
1.368539
1.369830
1.371121
1.350465
1.329810
1.338846
1.350465
1.358211
1.360793
1.364666
1.353047
1.331101
1.301408
1.275588
1.276879
1.289789
1.315609
1.360793
1.390486
1.424051
1.453744
1.467945
1.473109
1.476982
1.486018
1.492473
1.496346
1.487309
1.449871
1.427924
1.416305
1.409851
1.417596
1.416305
1.404687
1.411141
1.408560
1.409851
1.405978
1.408560
1.405978
1.409851
1.408560
1.399523
1.394359
1.386613
1.378867
1.374994
1.378867
1.381449
1.386613
1.384031
1.380158
1.364666
1.341428
1.341428
1.337555
1.306572
1.288498
1.294953
1.309154
1.329810
1.353047
1.374994
1.399523
1.425342
1.464072
1.474400
1.469236
1.457617
1.449871
1.449871
1.453744
1.453744
1.452453
1.452453
1.455035
1.476982
1.478273
1.475691
1.467945
1.465363
1.465363
1.460199
1.447289
1.449871
1.442125
1.435670
1.413723
1.398232
1.376285
1.374994
1.373703
1.374994
1.364666
1.346592
1.332392
1.325937
1.327228
1.344010
1.355629
1.371121
1.384031
1.400814
1.405978
1.411141
1.408560
1.403396
1.399523
1.398232
1.398232
1.403396
1.407269
1.416305
1.415014
1.412432
1.404687
1.403396
1.391777
1.381449
1.377576
1.377576
1.385322
1.382740
1.386613
1.382740
1.377576
1.381449
1.389195
1.390486
1.389195
1.389195
1.376285
1.380158
1.368539
1.374994
1.378867
1.391777
1.398232
1.396941
1.396941
1.394359
1.399523
1.368539
1.354338
1.346592
1.350465
1.367248
1.394359
1.425342
1.448580
1.445998
1.448580
1.469236
1.491182
1.501510
1.509256
1.504092
1.493764
1.486018
1.452453
1.412432
1.377576
1.324646
1.284625
1.276879
1.279461
1.314318
1.349174
1.384031
1.396941
1.399523
1.394359
1.391777
1.396941
1.404687
1.411141
1.417596
1.424051
1.425342
1.422760
1.421469
1.420178
1.417596
1.411141
1.391777
1.373703
1.359502
1.340137
1.324646
1.345301
1.385322
1.416305
1.433088
1.447289
1.449871
1.429215
1.425342
1.430506
1.427924
1.430506
1.407269
1.394359
1.371121
1.394359
1.424051
1.448580
1.462781
1.452453
1.418887
1.373703
1.403396
1.413723
1.405978
1.393068
1.390486
1.391777
1.399523
1.403396
1.395650
1.378867
1.378867
1.377576
1.376285
1.384031
1.389195
1.393068
1.387904
1.389195
1.385322
1.394359
1.416305
1.436961
1.439543
1.447289
1.440834
1.445998
1.442125
1.444707
1.440834
1.457617
1.469236
1.476982
1.475691
1.442125
1.412432
1.378867
1.376285
1.405978
1.420178
1.422760
1.391777
1.373703
1.372412
1.303990
1.159400
1.120670
1.110343
1.102597
1.178765
1.291080
1.384031
1.447289
1.496346
1.519584
1.526039
1.523457
1.509256
1.497637
1.486018
1.483437
1.475691
1.457617
1.438252
1.429215
1.420178
1.409851
1.404687
1.402105
1.400814
1.407269
1.404687
1.409851
1.409851
1.409851
1.408560
1.403396
1.400814
1.393068
1.386613
1.381449
1.384031
1.389195
1.391777
1.395650
1.395650
1.396941
1.393068
1.395650
1.390486
1.386613
1.380158
1.381449
1.389195
1.391777
1.390486
1.387904
1.382740
1.374994
1.369830
1.371121
1.369830
1.389195
1.412432
1.430506
1.427924
1.422760
1.415014
1.417596
1.429215
1.434379
1.429215
1.431797
1.422760
1.416305
1.408560
1.400814
1.403396
1.405978
1.405978
1.403396
1.399523
1.396941
1.398232
1.390486
1.384031
1.389195
1.393068
1.404687
1.402105
1.395650
1.385322
1.384031
1.378867
1.381449
1.384031
1.390486
1.394359
1.403396
1.400814
1.400814
1.400814
1.395650
1.384031
1.378867
1.376285
1.385322
1.390486
1.396941
1.403396
1.408560
1.409851
1.417596
1.415014
1.412432
1.415014
1.415014
1.412432
1.412432
1.411141
1.415014
1.412432
1.396941
1.384031
1.380158
1.382740
1.385322
1.386613
1.390486
1.395650
1.404687
1.399523
1.402105
1.395650
1.394359
1.400814
1.405978
1.407269
1.407269
1.404687
1.399523
1.395650
1.391777
1.391777
1.382740
1.378867
1.386613
1.389195
1.400814
1.398232
1.391777
1.387904
1.395650
1.407269
1.415014
1.413723
1.416305
1.422760
1.416305
1.415014
1.411141
1.405978
1.393068
1.373703
1.369830
1.372412
1.385322
1.393068
1.399523
1.394359
1.399523
1.404687
1.399523
1.380158
1.372412
1.376285
1.382740
1.391777
1.400814
1.405978
1.412432
1.409851
1.417596
1.418887
1.425342
1.422760
1.430506
1.431797
1.427924
1.427924
1.433088
1.433088
1.431797
1.444707
1.447289
1.448580
1.442125
1.443416
1.435670
1.433088
1.421469
1.405978
1.399523
1.386613
1.372412
1.371121
1.380158
1.371121
1.367248
1.363375
1.362084
1.367248
1.360793
1.353047
1.355629
1.363375
1.373703
1.382740
1.394359
1.405978
1.418887
1.434379
1.430506
1.433088
1.436961
1.440834
1.436961
1.429215
1.416305
1.407269
1.403396
1.404687
1.408560
1.399523
1.394359
1.393068
1.395650
1.387904
1.385322
1.395650
1.398232
1.395650
1.391777
1.398232
1.404687
1.407269
1.409851
1.408560
1.403396
1.391777
1.382740
1.382740
1.382740
1.399523
1.417596
1.429215
1.427924
1.431797
1.425342
1.413723
1.395650
1.382740
1.381449
1.373703
1.369830
1.367248
1.362084
1.363375
1.372412
1.378867
1.354338
1.353047
1.377576
1.396941
1.402105
1.409851
1.415014
1.421469
1.431797
1.430506
1.427924
1.421469
1.421469
1.411141
1.398232
1.393068
1.393068
1.382740
1.390486
1.382740
1.378867
1.380158
1.398232
1.411141
1.413723
1.413723
1.407269
1.413723
1.412432
1.409851
1.399523
1.394359
1.391777
1.395650
1.399523
1.405978
1.407269
1.405978
1.405978
1.400814
1.395650
1.400814
1.407269
1.411141
1.409851
1.408560
1.407269
1.395650
1.396941
1.395650
1.399523
1.400814
1.393068
1.396941
1.400814
1.402105
1.407269
1.407269
1.409851
1.408560
1.415014
1.403396
1.402105
1.413723
1.413723
1.416305
1.417596
1.404687
1.398232
1.391777
1.393068
1.395650
1.389195
1.390486
1.384031
1.382740
1.380158
1.381449
1.393068
1.393068
1.395650
1.398232
1.399523
1.400814
1.404687
1.411141
1.408560
1.400814
1.404687
1.403396
1.403396
1.402105
1.400814
1.394359
1.382740
1.380158
1.380158
1.387904
1.403396
1.402105
1.398232
1.393068
1.373703
1.390486
1.385322
1.384031
1.389195
1.389195
1.400814
1.417596
1.422760
1.429215
1.430506
1.426633
1.422760
1.416305
1.411141
1.408560
1.408560
1.408560
1.402105
1.402105
1.400814
1.400814
1.402105
1.394359
1.394359
1.391777
1.396941
1.398232
1.398232
1.399523
1.396941
1.395650
1.395650
1.393068
1.390486
1.385322
1.384031
1.389195
1.386613
1.393068
1.398232
1.396941
1.404687
1.411141
1.411141
1.415014
1.413723
1.412432
1.412432
1.411141
1.405978
1.409851
1.411141
1.409851
1.404687
1.399523
1.395650
1.395650
1.399523
1.409851
1.409851
1.404687
1.404687
1.404687
1.405978
1.400814
1.403396
1.395650
1.394359
1.390486
1.387904
1.391777
1.386613
1.391777
1.407269
1.412432
1.409851
1.407269
1.411141
1.403396
1.403396
1.400814
1.399523
1.403396
1.404687
1.408560
1.405978
1.405978
1.398232
1.389195
1.373703
1.364666
1.364666
1.365957
1.377576
1.402105
1.403396
1.404687
1.408560
1.412432
1.408560
1.398232
1.381449
1.365957
1.362084
1.338846
1.338846
1.346592
1.362084
1.381449
1.393068
1.396941
1.404687
1.409851
1.411141
1.413723
1.412432
1.409851
1.396941
1.394359
1.400814
1.416305
1.425342
1.433088
1.427924
1.430506
1.430506
1.431797
1.422760
1.417596
1.411141
1.404687
1.416305
1.422760
1.427924
1.421469
1.411141
1.412432
1.412432
1.412432
1.408560
1.402105
1.396941
1.400814
1.400814
1.407269
1.407269
1.408560
1.400814
1.395650
1.386613
1.391777
1.404687
1.409851
1.413723
1.411141
1.409851
1.405978
1.400814
1.396941
1.394359
1.393068
1.393068
1.393068
1.399523
1.395650
1.398232
1.398232
1.399523
1.400814
1.405978
1.405978
1.396941
1.385322
1.376285
1.384031
1.393068
1.400814
1.398232
1.387904
1.368539
1.368539
1.371121
1.371121
1.369830
1.368539
1.378867
1.376285
1.378867
1.359502
1.360793
1.360793
1.342719
1.346592
1.356920
1.376285
1.395650
1.408560
1.418887
1.426633
1.429215
1.440834
1.438252
1.443416
1.447289
1.438252
1.440834
1.439543
1.444707
1.445998
1.443416
1.445998
1.452453
1.460199
1.456326
1.453744
1.435670
1.421469
1.402105
1.394359
1.402105
1.393068
1.398232
1.426633
1.448580
1.456326
1.444707
1.422760
1.420178
1.416305
1.411141
1.417596
1.403396
1.390486
1.382740
1.376285
1.372412
1.372412
1.369830
1.373703
1.382740
1.371121
1.353047
1.291080
1.252351
1.240732
1.238150
1.245896
1.257515
1.270424
1.256224
1.218785
1.230404
1.285916
1.350465
1.389195
1.425342
1.451162
1.471818
1.493764
1.511838
1.524748
1.547986
1.578969
1.626736
1.644809
1.640936
1.612535
1.581551
1.545404
1.506674
1.491182
1.470527
1.457617
1.440834
1.417596
1.395650
1.382740
1.359502
1.329810
1.313027
1.305281
1.298826
1.300117
1.307863
1.302699
1.297535
1.303990
1.316900
1.346592
1.364666
1.377576
1.391777
1.399523
1.399523
1.399523
1.402105
1.417596
1.415014
1.398232
1.376285
1.367248
1.384031
1.402105
1.417596
1.429215
1.438252
1.439543
1.426633
1.420178
1.405978
1.385322
1.371121
1.365957
1.373703
1.374994
1.380158
1.386613
1.396941
1.402105
1.400814
1.407269
1.398232
1.408560
1.405978
1.418887
1.417596
1.420178
1.421469
1.420178
1.411141
1.393068
1.381449
1.365957
1.386613
1.403396
1.411141
1.417596
1.420178
1.407269
1.393068
1.399523
1.407269
1.416305
1.413723
1.408560
1.403396
1.402105
1.403396
1.399523
1.400814
1.411141
1.405978
1.374994
1.342719
1.309154
1.315609
1.316900
1.336264
1.360793
1.402105
1.440834
1.471818
1.478273
1.478273
1.474400
1.469236
1.462781
1.444707
1.440834
1.439543
1.429215
1.425342
1.418887
1.421469
1.412432
1.407269
1.405978
1.400814
1.398232
1.398232
1.404687
1.402105
1.399523
1.389195
1.380158
1.378867
1.378867
1.390486
1.394359
1.399523
1.376285
1.359502
1.341428
1.309154
1.288498
1.280752
1.297535
1.318191
1.329810
1.337555
1.384031
1.421469
1.442125
1.456326
1.471818
1.466654
1.465363
1.460199
1.433088
1.385322
1.358211
1.363375
1.369830
1.389195
1.412432
1.443416
1.457617
1.467945
1.482146
1.475691
1.470527
1.455035
1.445998
1.427924
1.417596
1.393068
1.377576
1.360793
1.342719
1.301408
1.311736
1.328519
1.350465
1.373703
1.377576
1.393068
1.400814
1.415014
1.422760
1.443416
1.453744
1.460199
1.462781
1.456326
1.455035
1.439543
1.431797
1.433088
1.433088
1.435670
1.431797
1.429215
1.426633
1.409851
1.395650
1.380158
1.376285
1.369830
1.368539
1.356920
1.342719
1.323355
1.285916
1.282043
1.303990
1.329810
1.351756
1.371121
1.384031
1.403396
1.412432
1.421469
1.421469
1.426633
1.439543
1.449871
1.455035
1.460199
1.465363
1.464072
1.455035
1.444707
1.433088
1.430506
1.417596
1.398232
1.386613
1.384031
1.381449
1.377576
1.368539
1.372412
1.376285
1.382740
1.387904
1.377576
1.373703
1.368539
1.338846
1.342719
1.356920
1.376285
1.415014
1.427924
1.434379
1.433088
1.426633
1.426633
1.429215
1.421469
1.420178
1.413723
1.412432
1.404687
1.408560
1.405978
1.411141
1.409851
1.411141
1.411141
1.404687
1.400814
1.395650
1.395650
1.394359
1.400814
1.403396
1.404687
1.400814
1.389195
1.387904
1.391777
1.390486
1.395650
1.403396
1.399523
1.396941
1.394359
1.390486
1.382740
1.381449
1.373703
1.358211
1.334974
1.323355
1.336264
1.350465
1.367248
1.378867
1.384031
1.395650
1.405978
1.418887
1.430506
1.445998
1.457617
1.465363
1.486018
1.487309
1.489891
1.476982
1.467945
1.453744
1.444707
1.436961
1.420178
1.400814
1.387904
1.376285
1.373703
1.369830
1.367248
1.369830
1.369830
1.372412
1.369830
1.368539
1.369830
1.376285
1.382740
1.378867
1.380158
1.371121
1.372412
1.362084
1.347883
1.327228
1.301408
1.287207
1.292371
1.310445
1.332392
1.349174
1.376285
1.403396
1.416305
1.429215
1.435670
1.444707
1.444707
1.448580
1.449871
1.458908
1.474400
1.483437
1.478273
1.470527
1.456326
1.453744
1.449871
1.440834
1.427924
1.422760
1.434379
1.436961
1.442125
1.443416
1.434379
1.435670
1.431797
1.426633
1.409851
1.400814
1.390486
1.358211
1.376285
1.364666
1.347883
1.315609
1.294953
1.291080
1.311736
1.340137
1.360793
1.374994
1.387904
1.402105
1.408560
1.412432
1.417596
1.415014
1.417596
1.417596
1.420178
1.424051
1.427924
1.435670
1.433088
1.425342
1.422760
1.418887
1.416305
1.424051
1.426633
1.435670
1.438252
1.438252
1.431797
1.426633
1.405978
1.393068
1.387904
1.380158
1.382740
1.373703
1.378867
1.387904
1.393068
1.407269
1.404687
1.404687
1.402105
1.389195
1.390486
1.386613
1.386613
1.393068
1.398232
1.398232
1.389195
1.386613
1.384031
1.384031
1.382740
1.386613
1.391777
1.398232
1.395650
1.395650
1.395650
1.402105
1.408560
1.404687
1.399523
1.399523
1.393068
1.400814
1.405978
1.409851
1.405978
1.405978
1.404687
1.408560
1.402105
1.398232
1.398232
1.398232
1.402105
1.399523
1.403396
1.407269
1.404687
1.404687
1.411141
1.411141
1.405978
1.394359
1.389195
1.389195
1.391777
1.396941
1.403396
1.404687
1.400814
1.400814
1.394359
1.393068
1.387904
1.381449
1.384031
1.394359
1.394359
1.396941
1.396941
1.395650
1.394359
1.396941
1.407269
1.417596
1.422760
1.425342
1.420178
1.409851
1.412432
1.403396
1.393068
1.396941
1.393068
1.389195
1.378867
1.371121
1.369830
1.374994
1.386613
1.400814
1.396941
1.394359
1.391777
1.390486
1.382740
1.382740
1.391777
1.394359
1.387904
1.382740
1.376285
1.380158
1.391777
1.399523
1.404687
1.412432
1.417596
1.433088
1.442125
1.443416
1.445998
1.442125
1.436961
1.421469
1.396941
1.389195
1.377576
1.373703
1.371121
1.369830
1.367248
1.368539
1.373703
1.382740
1.395650
1.409851
1.420178
1.429215
1.430506
1.426633
1.427924
1.416305
1.412432
1.411141
1.402105
1.400814
1.407269
1.409851
1.409851
1.415014
1.420178
1.415014
1.411141
1.405978
1.389195
1.381449
1.369830
1.365957
1.372412
1.372412
1.378867
1.387904
1.394359
1.393068
1.393068
1.390486
1.390486
1.387904
1.399523
1.403396
1.409851
1.415014
1.420178
1.424051
1.418887
1.407269
1.408560
1.415014
1.420178
1.435670
1.447289
1.464072
1.470527
1.482146
1.491182
1.479564
1.467945
1.465363
1.465363
1.470527
1.455035
1.438252
1.418887
1.395650
1.376285
1.359502
1.341428
1.324646
1.318191
1.320773
1.325937
1.340137
1.353047
1.349174
1.359502
1.365957
1.368539
1.372412
1.365957
1.369830
1.371121
1.371121
1.374994
1.378867
1.382740
1.385322
1.380158
1.386613
1.391777
1.394359
1.387904
1.386613
1.393068
1.391777
1.395650
1.396941
1.404687
1.405978
1.412432
1.416305
1.418887
1.415014
1.412432
1.408560
1.399523
1.404687
1.407269
1.412432
1.407269
1.407269
1.402105
1.396941
1.399523
1.398232
1.395650
1.390486
1.398232
1.394359
1.398232
1.400814
1.396941
1.390486
1.386613
1.380158
1.374994
1.380158
1.381449
1.387904
1.391777
1.396941
1.394359
1.398232
1.378867
1.350465
1.331101
1.323355
1.325937
1.338846
1.369830
1.400814
1.427924
1.442125
1.449871
1.452453
1.440834
1.443416
1.435670
1.447289
1.444707
1.445998
1.440834
1.439543
1.436961
1.433088
1.425342
1.416305
1.416305
1.420178
1.431797
1.439543
1.440834
1.439543
1.431797
1.426633
1.413723
1.400814
1.400814
1.403396
1.402105
1.395650
1.389195
1.380158
1.377576
1.377576
1.377576
1.377576
1.377576
1.378867
1.376285
1.380158
1.377576
1.382740
1.382740
1.385322
1.382740
1.390486
1.390486
1.391777
1.378867
1.362084
1.341428
1.333683
1.344010
1.353047
1.372412
1.382740
1.396941
1.405978
1.417596
1.421469
1.421469
1.418887
1.413723
1.407269
1.405978
1.402105
1.402105
1.404687
1.413723
1.420178
1.415014
1.413723
1.415014
1.416305
1.418887
1.411141
1.407269
1.408560
1.402105
1.407269
1.413723
1.418887
1.429215
1.429215
1.431797
1.426633
1.417596
1.409851
1.399523
1.393068
1.381449
1.381449
1.381449
1.389195
1.404687
1.417596
1.411141
1.398232
1.389195
1.386613
1.396941
1.395650
1.391777
1.402105
1.404687
1.405978
1.415014
1.415014
1.416305
1.420178
1.411141
1.425342
1.422760
1.427924
1.433088
1.433088
1.427924
1.416305
1.415014
1.404687
1.404687
1.398232
1.394359
1.400814
1.389195
1.394359
1.394359
1.390486
1.385322
1.387904
1.382740
1.381449
1.376285
1.377576
1.382740
1.380158
1.387904
1.391777
1.393068
1.391777
1.390486
1.386613
1.381449
1.378867
1.380158
1.377576
1.387904
1.389195
1.398232
1.403396
1.396941
1.400814
1.396941
1.396941
1.398232
1.398232
1.402105
1.399523
1.393068
1.391777
1.393068
1.393068
1.396941
1.395650
1.393068
1.384031
1.367248
1.360793
1.353047
1.336264
1.329810
1.333683
1.340137
1.350465
1.365957
1.373703
1.385322
1.399523
1.407269
1.413723
1.420178
1.426633
1.425342
1.425342
1.430506
1.430506
1.433088
1.435670
1.435670
1.439543
1.436961
1.435670
1.431797
1.422760
1.425342
1.425342
1.422760
1.420178
1.416305
1.417596
1.420178
1.425342
1.418887
1.411141
1.407269
1.404687
1.402105
1.400814
1.411141
1.421469
1.433088
1.447289
1.457617
1.456326
1.440834
1.395650
1.356920
1.340137
1.332392
1.332392
1.344010
1.358211
1.374994
1.385322
1.399523
1.404687
1.413723
1.405978
1.405978
1.411141
1.415014
1.412432
1.413723
1.416305
1.421469
1.422760
1.417596
1.412432
1.405978
1.402105
1.403396
1.399523
1.396941
1.399523
1.387904
1.385322
1.384031
1.382740
1.395650
1.404687
1.403396
1.399523
1.404687
1.405978
1.398232
1.389195
1.380158
1.377576
1.378867
1.384031
1.390486
1.393068
1.399523
1.398232
1.395650
1.399523
1.390486
1.386613
1.386613
1.386613
1.394359
1.394359
1.399523
1.403396
1.415014
1.421469
1.422760
1.416305
1.408560
1.404687
1.409851
1.408560
1.409851
1.411141
1.408560
1.407269
1.407269
1.398232
1.395650
1.386613
1.381449
1.378867
1.380158
1.387904
1.396941
1.395650
1.402105
1.396941
1.398232
1.403396
1.415014
1.421469
1.424051
1.425342
1.420178
1.413723
1.418887
1.418887
1.427924
1.418887
1.409851
1.403396
1.402105
1.407269
1.405978
1.404687
1.396941
1.396941
1.391777
1.387904
1.390486
1.391777
1.393068
1.394359
1.391777
1.390486
1.374994
1.376285
1.373703
1.378867
1.381449
1.395650
1.390486
1.391777
1.394359
1.384031
1.381449
1.382740
1.391777
1.393068
1.394359
1.407269
1.404687
1.403396
1.398232
1.398232
1.396941
1.405978
1.425342
1.413723
1.418887
1.408560
1.384031
1.374994
1.364666
1.364666
1.369830
1.373703
1.377576
1.381449
1.394359
1.393068
1.390486
1.396941
1.403396
1.407269
1.409851
1.411141
1.411141
1.412432
1.415014
1.415014
1.413723
1.413723
1.418887
1.409851
1.415014
1.417596
1.425342
1.426633
1.431797
1.431797
1.429215
1.421469
1.407269
1.399523
1.396941
1.398232
1.393068
1.387904
1.395650
1.398232
1.394359
1.400814
1.411141
1.409851
1.408560
1.404687
1.402105
1.399523
1.403396
1.398232
1.396941
1.408560
1.413723
1.417596
1.417596
1.427924
1.430506
1.431797
1.425342
1.416305
1.405978
1.402105
1.398232
1.382740
1.372412
1.372412
1.376285
1.377576
1.374994
1.373703
1.371121
1.378867
1.381449
1.385322
1.387904
1.399523
1.404687
1.403396
1.412432
1.411141
1.408560
1.402105
1.399523
1.398232
1.398232
1.394359
1.390486
1.391777
1.394359
1.391777
1.391777
1.389195
1.393068
1.386613
1.374994
1.376285
1.381449
1.389195
1.396941
1.400814
1.398232
1.399523
1.405978
1.407269
1.405978
1.407269
1.412432
1.415014
1.407269
1.400814
1.394359
1.394359
1.390486
1.387904
1.384031
1.380158
1.380158
1.385322
1.393068
1.398232
1.402105
1.409851
1.409851
1.404687
1.405978
1.412432
1.412432
1.417596
1.418887
1.418887
1.417596
1.417596
1.409851
1.409851
1.416305
1.416305
1.422760
1.421469
1.418887
1.411141
1.403396
1.391777
1.389195
1.386613
1.387904
1.395650
1.394359
1.398232
1.396941
1.396941
1.398232
1.396941
1.398232
1.395650
1.396941
1.393068
1.394359
1.393068
1.390486
1.394359
1.398232
1.396941
1.400814
1.405978
1.412432
1.409851
1.405978
1.403396
1.399523
1.398232
1.398232
1.402105
1.400814
1.398232
1.403396
1.404687
1.404687
1.400814
1.394359
1.394359
1.393068
1.393068
1.393068
1.389195
1.389195
1.390486
1.391777
1.396941
1.399523
1.403396
1.400814
1.404687
1.402105
1.412432
1.411141
1.415014
1.409851
1.405978
1.394359
1.389195
1.389195
1.390486
1.391777
1.393068
1.396941
1.400814
1.405978
1.407269
1.407269
1.407269
1.402105
1.399523
1.398232
1.399523
1.400814
1.403396
1.404687
1.407269
1.407269
1.412432
1.424051
1.416305
1.412432
1.411141
1.408560
1.403396
1.403396
1.394359
1.389195
1.391777
1.394359
1.394359
1.391777
1.393068
1.389195
1.398232
1.393068
1.390486
1.395650
1.394359
1.398232
1.395650
1.395650
1.390486
1.391777
1.386613
1.378867
1.382740
1.389195
1.390486
1.393068
1.394359
1.398232
1.404687
1.411141
1.408560
1.405978
1.405978
1.409851
1.413723
1.434379
1.448580
1.449871
1.448580
1.439543
1.430506
1.434379
1.430506
1.426633
1.426633
1.436961
1.435670
1.426633
1.418887
1.412432
1.404687
1.413723
1.417596
1.412432
1.412432
1.416305
1.420178
1.418887
1.417596
1.408560
1.400814
1.390486
1.386613
1.384031
1.381449
1.380158
1.372412
1.364666
1.360793
1.327228
1.279461
1.266551
1.229113
1.273006
1.305281
1.344010
1.367248
1.394359
1.420178
1.430506
1.418887
1.399523
1.396941
1.402105
1.422760
1.429215
1.430506
1.426633
1.431797
1.426633
1.434379
1.399523
1.374994
1.385322
1.427924
1.452453
1.444707
1.439543
1.445998
1.458908
1.435670
1.415014
1.400814
1.424051
1.447289
1.451162
1.421469
1.386613
1.373703
1.289789
1.230404
1.221367
1.235568
1.263969
1.293662
1.327228
1.356920
1.391777
1.466654
1.500219
1.482146
1.436961
1.413723
1.418887
1.427924
1.443416
1.451162
1.464072
1.493764
1.524748
1.488600
1.435670
1.396941
1.381449
1.382740
1.403396
1.405978
1.407269
1.402105
1.407269
1.412432
1.416305
1.416305
1.413723
1.420178
1.439543
1.449871
1.449871
1.447289
1.434379
1.431797
1.435670
1.429215
1.426633
1.409851
1.394359
1.373703
1.337555
1.319482
1.328519
1.346592
1.358211
1.364666
1.372412
1.364666
1.350465
1.355629
1.341428
1.309154
1.298826
1.313027
1.338846
1.365957
1.387904
1.411141
1.427924
1.452453
1.458908
1.469236
1.473109
1.465363
1.452453
1.433088
1.422760
1.421469
1.424051
1.421469
1.417596
1.411141
1.415014
1.417596
1.421469
1.417596
1.411141
1.404687
1.391777
1.371121
1.347883
1.303990
1.279461
1.274297
1.291080
1.314318
1.332392
1.353047
1.365957
1.380158
1.391777
1.408560
1.424051
1.426633
1.430506
1.430506
1.430506
1.427924
1.426633
1.416305
1.415014
1.416305
1.418887
1.418887
1.415014
1.416305
1.426633
1.422760
1.426633
1.434379
1.449871
1.456326
1.451162
1.444707
1.430506
1.434379
1.442125
1.443416
1.436961
1.425342
1.421469
1.421469
1.413723
1.404687
1.400814
1.395650
1.398232
1.394359
1.389195
1.394359
1.399523
1.400814
1.390486
1.385322
1.384031
1.390486
1.398232
1.405978
1.413723
1.412432
1.412432
1.405978
1.407269
1.403396
1.403396
1.396941
1.384031
1.368539
1.368539
1.369830
1.382740
1.384031
1.387904
1.378867
1.368539
1.378867
1.400814
1.399523
1.407269
1.400814
1.396941
1.387904
1.385322
1.381449
1.381449
1.378867
1.365957
1.358211
1.363375
1.371121
1.380158
1.385322
1.389195
1.395650
1.385322
1.385322
1.390486
1.403396
1.415014
1.429215
1.461490
1.487309
1.491182
1.496346
1.505383
1.495055
1.478273
1.435670
1.378867
1.333683
1.244605
1.195547
1.212330
1.263969
1.316900
1.356920
1.386613
1.411141
1.426633
1.438252
1.453744
1.461490
1.467945
1.473109
1.480855
1.478273
1.461490
1.447289
1.462781
1.519584
1.551859
1.554441
1.538949
1.513129
1.488600
1.452453
1.424051
1.396941
1.377576
1.359502
1.344010
1.338846
1.334974
1.324646
1.333683
1.328519
1.325937
1.324646
1.328519
1.331101
1.333683
1.278170
1.218785
1.208457
1.222658
1.258806
1.293662
1.341428
1.396941
1.422760
1.443416
1.424051
1.420178
1.429215
1.431797
1.440834
1.456326
1.465363
1.469236
1.462781
1.458908
1.449871
1.444707
1.434379
1.431797
1.431797
1.411141
1.403396
1.404687
1.405978
1.409851
1.412432
1.416305
1.416305
1.411141
1.408560
1.413723
1.402105
1.396941
1.394359
1.395650
1.394359
1.395650
1.399523
1.394359
1.407269
1.408560
1.404687
1.408560
1.403396
1.409851
1.412432
1.413723
1.415014
1.408560
1.407269
1.407269
1.407269
1.411141
1.399523
1.405978
1.409851
1.415014
1.417596
1.422760
1.404687
1.387904
1.393068
1.390486
1.390486
1.387904
1.384031
1.382740
1.389195
1.393068
1.395650
1.394359
1.391777
1.390486
1.390486
1.384031
1.389195
1.393068
1.394359
1.405978
1.409851
1.411141
1.404687
1.402105
1.396941
1.398232
1.386613
1.374994
1.356920
1.353047
1.365957
1.387904
1.387904
1.394359
1.393068
1.394359
1.396941
1.402105
1.413723
1.436961
1.457617
1.465363
1.457617
1.448580
1.434379
1.407269
1.381449
1.376285
1.372412
1.373703
1.380158
1.380158
1.387904
1.411141
1.404687
1.391777
1.371121
1.365957
1.367248
1.368539
1.356920
1.349174
1.344010
1.350465
1.368539
1.387904
1.395650
1.400814
1.402105
1.405978
1.411141
1.421469
1.418887
1.425342
1.431797
1.444707
1.445998
1.449871
1.443416
1.443416
1.451162
1.466654
1.473109
1.484728
1.484728
1.479564
1.470527
1.457617
1.443416
1.429215
1.413723
1.390486
1.376285
1.368539
1.365957
1.356920
1.355629
1.354338
1.359502
1.344010
1.346592
1.368539
1.378867
1.376285
1.367248
1.358211
1.373703
1.376285
1.373703
1.378867
1.381449
1.385322
1.384031
1.368539
1.359502
1.341428
1.350465
1.364666
1.372412
1.380158
1.385322
1.390486
1.376285
1.365957
1.376285
1.369830
1.376285
1.389195
1.391777
1.400814
1.404687
1.421469
1.430506
1.438252
1.443416
1.452453
1.452453
1.456326
1.458908
1.457617
1.453744
1.453744
1.455035
1.453744
1.445998
1.435670
1.426633
1.425342
1.405978
1.386613
1.384031
1.384031
1.384031
1.386613
1.394359
1.400814
1.409851
1.409851
1.409851
1.413723
1.413723
1.405978
1.403396
1.386613
1.391777
1.385322
1.385322
1.389195
1.389195
1.391777
1.395650
1.395650
1.399523
1.391777
1.377576
1.390486
1.396941
1.402105
1.408560
1.408560
1.407269
1.408560
1.402105
1.387904
1.381449
1.377576
1.377576
1.376285
