-0.000535
0.016214
-0.000535
2.116220
3.609415
3.756287
3.583648
3.385243
0.007196
0.012349
-0.000535
0.003331
0.626891
3.704753
3.761440
3.882545
3.673833
3.195856
-0.000535
0.007196
-0.001823
0.005907
-0.000535
2.294012
3.850336
3.649354
3.752422
2.741069
0.003331
0.004619
0.003331
0.005907
0.264865
3.745980
3.685428
3.819416
3.584937
1.960330
0.003331
0.002042
0.002042
0.002042
0.802106
3.720213
3.618434
3.797514
3.466409
0.003331
-0.021148
0.007196
0.002042
0.186276
3.623587
3.878680
3.664814
3.780765
1.874011
-0.000535
-0.000535
0.002042
0.000754
1.079101
3.806532
3.744692
3.684139
3.820704
2.384197
0.004619
0.000754
0.012349
0.002042
0.646216
3.600397
3.846471
3.640336
3.756287
1.524869
0.007196
-0.000535
0.002042
0.005907
0.240386
3.752422
3.667391
3.590090
1.264623
0.002042
0.004619
0.007196
0.007196
0.002042
3.371071
3.658372
3.861931
3.764017
1.134500
0.004619
0.007196
0.002042
0.004619
0.002042
3.682851
3.708618
3.773035
3.618434
3.431623
0.009772
-0.003111
-0.022436
0.004619
1.037874
3.856778
3.794937
3.685428
3.602973
1.451433
-0.009553
0.007196
0.000754
0.005907
0.217196
3.640336
3.664814
3.834876
3.773035
1.867569
0.002042
0.016214
0.003331
0.008484
1.716833
3.662237
3.798802
3.771747
3.552728
0.013637
0.002042
0.007196
0.012349
0.057441
3.765305
3.599108
3.812974
3.721501
1.803152
0.004619
0.003331
0.002042
0.004619
0.943824
3.621010
3.858066
3.713771
3.569476
0.062594
0.003331
-0.000535
0.004619
0.004619
3.136592
3.675121
3.870950
3.802667
2.109779
0.003331
-0.003111
0.009772
0.002042
0.996646
3.672544
3.724078
3.751133
