1.571249
1.627937
1.683336
1.705238
1.634378
1.664010
1.620207
1.555789
1.491372
1.472047
1.474623
1.464317
1.483642
1.499102
1.466893
1.560943
1.482353
1.563519
1.545482
1.466893
1.408918
1.343212
1.327752
1.313580
1.280083
1.339347
1.356095
1.437261
1.517139
1.577691
1.652415
1.692354
1.703949
1.665299
1.647262
1.602170
1.599593
1.599593
1.607323
1.580268
1.585421
1.573826
1.533887
1.551924
1.448856
1.434685
1.276218
1.229837
1.088119
1.071371
0.996646
1.021125
0.970879
1.063641
1.071371
1.175727
1.267199
1.316157
1.370267
1.365114
1.367691
1.331617
1.253028
1.269776
1.245298
1.245298
1.285236
1.303273
1.371556
1.408918
1.464317
1.487507
1.481065
1.448856
1.370267
1.383151
1.385727
1.372844
1.387016
1.384439
1.426955
1.429531
1.396034
1.482353
1.472047
1.488795
1.473335
1.415359
1.398611
1.372844
1.327752
1.350942
1.325175
1.366402
1.343212
1.443703
1.508120
1.542906
1.585421
1.587998
1.590575
1.576403
1.465605
1.499102
1.437261
1.546771
1.624072
1.691066
1.776097
1.832784
1.809594
1.912662
1.906220
1.892048
1.809594
1.845667
1.849533
1.742600
1.703949
1.591863
1.439838
1.397323
1.258181
1.267199
1.179592
1.152536
1.129346
1.111309
1.137076
1.160267
1.098426
1.296831
1.370267
1.469470
1.595728
1.684624
1.801864
1.874011
1.956465
2.004134
2.033766
2.080147
2.023459
2.053091
2.022171
1.915238
1.787692
1.590575
1.301985
1.186034
0.951554
0.842045
0.657811
0.556032
0.460694
0.389835
0.401430
0.427197
0.440080
0.593394
0.630756
0.762167
0.775051
0.933517
1.057199
1.162843
1.282660
1.366402
1.394746
1.548059
1.558366
1.671741
1.642109
1.700084
1.680759
1.635667
1.606035
1.585421
1.526157
1.600881
1.537752
1.645974
1.691066
1.719409
1.765790
1.773520
1.808305
1.804440
1.723274
1.741311
1.705238
1.680759
1.710391
1.692354
1.718121
1.720698
1.756771
1.782538
1.711679
1.813459
1.698796
1.733581
1.680759
1.590575
1.540329
1.433396
1.365114
1.385727
