1.420178
1.279461
1.421469
1.243314
1.421469
1.251060
1.415014
1.247187
1.409851
1.234277
1.413723
1.248478
1.420178
1.245896
1.411141
1.283334
1.415014
1.211039
1.403396
1.222658
1.411141
1.236859
1.422760
1.227822
1.416305
1.181347
1.418887
1.258806
1.415014
1.258806
1.417596
1.207166
1.412432
1.225240
1.409851
1.115506
1.408560
1.231695
1.420178
1.230404
1.408560
1.209748
1.417596
1.249769
1.418887
1.208457
1.413723
1.247187
1.412432
1.203293
1.409851
1.213621
1.409851
1.221367
1.411141
1.225240
1.409851
1.132289
1.416305
1.306572
1.418887
1.235568
1.417596
1.214912
1.416305
1.217494
1.415014
1.239441
1.416305
1.163273
1.417596
1.292371
1.415014
1.222658
1.411141
1.194256
1.403396
1.187801
1.412432
1.196838
1.413723
1.216203
1.417596
1.257515
1.420178
1.192965
1.412432
1.102597
1.420178
1.202002
1.420178
1.235568
1.422760
1.119379
1.420178
1.400814
1.409851
1.194256
1.416305
1.200711
1.407269
1.180056
1.409851
1.227822
1.398232
1.089687
1.421469
1.178765
1.417596
1.177474
1.417596
1.191674
1.411141
1.194256
1.413723
1.173601
1.404687
1.185220
1.409851
1.205875
1.415014
1.176183
1.404687
1.154236
1.402105
1.222658
1.403396
1.183929
1.411141
1.063867
1.415014
1.171019
1.417596
1.154236
1.418887
1.151654
1.416305
1.165855
1.398232
1.168437
1.416305
1.163273
1.415014
1.134871
1.412432
1.147781
1.418887
1.145199
1.421469
1.169728
1.418887
1.235568
1.416305
1.136162
1.409851
1.094851
1.417596
1.116797
1.427924
1.382740
1.420178
1.229113
1.418887
1.133580
1.405978
1.106470
1.409851
1.223949
1.404687
1.198129
1.408560
0.992863
1.424051
1.336264
1.398232
0.737249
1.409851
1.040629
1.417596
1.276879
1.422760
1.249769
1.425342
1.146490
1.409851
1.087105
1.425342
1.052248
1.416305
1.052248
1.409851
1.216203
1.425342
1.065158
1.413723
1.212330
1.407269
1.079359
1.416305
0.991572
1.415014
1.261388
1.413723
1.163273
1.409851
0.803089
1.408560
0.812126
1.417596
1.026429
1.413723
1.229113
1.418887
1.171019
1.411141
0.991572
1.412432
1.395650
1.412432
1.415014
1.413723
1.191674
1.409851
1.417596
1.412432
1.409851
1.413723
1.411141
1.415014
1.417596
1.421469
1.420178
1.418887
1.424051
1.422760
1.422760
1.418887
1.421469
1.396941
1.422760
1.420178
1.408560
1.409851
1.415014
1.400814
1.411141
1.407269
1.413723
1.412432
1.418887
1.417596
1.399523
1.403396
1.412432
1.412432
1.407269
1.407269
1.411141
1.399523
1.412432
1.424051
1.409851
1.399523
1.417596
1.418887
1.420178
1.418887
1.417596
1.412432
1.417596
1.418887
1.435670
1.405978
1.408560
1.413723
1.418887
1.412432
1.415014
1.415014
1.418887
1.420178
1.415014
1.413723
1.416305
1.417596
1.418887
1.416305
1.426633
1.413723
1.403396
1.413723
1.411141
1.411141
1.402105
1.390486
1.409851
1.416305
1.418887
1.417596
1.417596
1.418887
1.398232
1.409851
1.407269
1.417596
1.407269
1.365957
1.430506
1.417596
1.416305
1.412432
1.426633
1.418887
1.405978
1.412432
1.416305
1.412432
1.412432
1.413723
1.417596
1.417596
1.421469
1.415014
1.411141
1.409851
1.417596
1.417596
1.411141
1.416305
1.411141
1.404687
1.422760
1.416305
1.413723
1.411141
1.409851
1.416305
1.421469
1.416305
1.429215
1.396941
1.416305
1.425342
1.417596
1.417596
1.399523
1.416305
1.416305
1.421469
1.416305
1.409851
1.411141
1.412432
1.405978
1.404687
1.409851
1.416305
1.413723
1.412432
1.411141
1.408560
1.412432
1.413723
1.413723
1.398232
1.420178
1.420178
1.421469
1.421469
1.382740
1.408560
1.409851
1.427924
1.426633
1.413723
1.415014
1.420178
1.422760
1.422760
1.426633
1.415014
1.415014
1.420178
1.421469
1.416305
1.417596
1.421469
1.412432
1.416305
1.417596
1.411141
1.405978
1.415014
1.405978
1.412432
1.413723
1.407269
1.416305
1.415014
1.407269
1.415014
1.413723
1.416305
1.421469
1.417596
1.421469
1.403396
1.426633
1.425342
1.420178
1.413723
1.405978
1.402105
1.411141
1.408560
1.409851
1.413723
1.413723
1.413723
1.418887
1.422760
1.415014
1.413723
1.424051
1.427924
1.431797
1.418887
1.422760
1.418887
1.336264
1.418887
1.415014
1.402105
1.417596
1.416305
1.413723
1.424051
1.422760
1.421469
1.434379
1.430506
1.417596
1.415014
1.420178
1.421469
1.418887
1.412432
1.413723
1.411141
1.416305
1.418887
1.409851
1.408560
1.413723
1.412432
1.413723
1.411141
1.409851
1.405978
1.403396
1.413723
1.424051
1.402105
1.182638
1.417596
1.420178
1.422760
1.424051
1.445998
1.409851
1.411141
1.413723
1.424051
1.405978
1.408560
1.415014
1.418887
1.420178
1.412432
1.409851
1.409851
1.413723
1.407269
1.409851
1.416305
1.416305
1.416305
1.425342
1.421469
1.417596
1.417596
1.418887
1.405978
1.413723
1.411141
1.320773
1.417596
1.427924
1.425342
1.417596
1.418887
1.420178
1.420178
1.416305
1.418887
1.415014
1.248478
1.417596
1.421469
1.415014
1.413723
1.417596
1.415014
1.409851
1.411141
1.415014
1.413723
1.417596
1.420178
1.413723
1.407269
1.416305
1.417596
1.389195
1.415014
1.420178
1.415014
1.386613
1.412432
1.391777
1.429215
1.412432
1.412432
1.412432
1.412432
1.404687
1.426633
1.417596
1.426633
1.426633
1.393068
1.291080
1.425342
1.416305
1.416305
1.417596
1.411141
1.417596
1.424051
1.420178
1.412432
1.413723
1.418887
1.409851
1.407269
1.412432
1.409851
1.412432
1.418887
1.426633
1.403396
1.390486
1.421469
1.420178
1.408560
1.412432
1.409851
1.396941
1.415014
1.180056
1.416305
1.415014
1.418887
1.420178
1.411141
1.373703
1.412432
1.374994
1.412432
1.420178
1.409851
1.253642
1.412432
1.416305
1.412432
1.378867
1.413723
1.411141
1.421469
1.425342
1.417596
1.285916
1.412432
1.417596
1.418887
1.389195
1.420178
1.413723
1.411141
1.398232
1.415014
1.368539
1.409851
1.416305
1.413723
1.411141
1.412432
1.386613
1.408560
1.415014
1.416305
1.408560
1.404687
1.416305
1.418887
1.418887
1.424051
1.420178
1.415014
1.412432
1.421469
1.417596
1.412432
1.418887
1.422760
1.418887
1.408560
1.415014
1.407269
1.409851
1.417596
1.413723
1.411141
1.415014
1.416305
1.372412
1.420178
1.420178
1.416305
1.412432
1.398232
1.405978
1.399523
1.398232
1.416305
1.411141
1.416305
1.421469
1.421469
1.364666
1.418887
1.421469
1.411141
1.306572
1.412432
1.413723
1.418887
1.424051
1.415014
1.287207
1.340137
1.404687
1.411141
1.409851
1.413723
1.417596
1.416305
1.422760
1.409851
1.416305
1.416305
1.417596
1.411141
1.418887
1.418887
1.418887
1.418887
1.424051
1.413723
1.411141
1.412432
1.415014
1.399523
1.412432
1.416305
1.417596
1.416305
1.420178
1.418887
1.418887
1.412432
1.420178
1.417596
1.418887
1.421469
1.427924
1.407269
1.418887
1.422760
1.416305
1.411141
1.421469
1.425342
1.417596
1.418887
1.425342
1.420178
1.430506
1.421469
1.420178
1.408560
1.408560
1.418887
1.418887
1.417596
1.418887
1.412432
1.417596
1.400814
1.359502
1.403396
1.407269
1.413723
1.412432
1.408560
1.413723
1.421469
1.415014
1.415014
1.420178
1.411141
1.413723
1.418887
1.412432
1.416305
1.124543
1.415014
1.417596
1.425342
1.245896
1.431797
1.404687
1.416305
1.417596
1.417596
1.159400
1.417596
1.403396
1.400814
1.243314
1.398232
1.355629
1.412432
1.325937
1.413723
1.282043
1.413723
1.331101
1.409851
1.344010
1.407269
1.244605
1.413723
0.934769
1.411141
1.337555
1.416305
1.247187
1.412432
1.307863
1.417596
1.266551
1.417596
1.209748
1.405978
1.274297
1.412432
1.168437
1.412432
1.371121
1.412432
1.038047
1.413723
1.292371
1.416305
1.282043
1.427924
1.267842
1.412432
1.365957
1.418887
1.337555
1.413723
1.056121
1.413723
0.695937
1.425342
1.202002
1.416305
1.327228
1.421469
1.314318
1.415014
1.416305
1.418887
1.280752
1.426633
1.248478
1.411141
1.417596
1.422760
1.266551
1.416305
1.116797
1.413723
1.283334
1.416305
1.234277
1.402105
1.347883
1.411141
1.234277
1.411141
1.205875
1.416305
1.214912
1.421469
1.149072
1.425342
1.174892
1.434379
1.355629
1.416305
1.323355
1.416305
1.094851
1.416305
1.384031
1.412432
1.147781
1.411141
1.256224
1.411141
1.232986
1.420178
1.408560
1.418887
0.810835
1.417596
1.269133
1.417596
1.218785
1.412432
1.204584
1.411141
1.256224
1.415014
1.353047
1.413723
1.230404
1.412432
1.267842
1.417596
1.387904
1.420178
1.353047
1.413723
1.282043
1.411141
1.143908
1.411141
1.291080
1.404687
1.416305
1.417596
1.341428
1.408560
1.248478
1.411141
1.407269
1.405978
1.283334
1.411141
1.261388
1.418887
1.267842
1.411141
1.322064
1.420178
1.243314
1.415014
1.288498
1.421469
1.309154
1.380158
1.084523
1.390486
0.785015
1.426633
1.239441
1.396941
1.269133
1.416305
1.121961
1.411141
1.269133
1.415014
1.417596
1.402105
1.287207
1.413723
1.411141
1.415014
1.391777
1.416305
1.225240
1.409851
1.279461
1.420178
1.205875
1.418887
1.151654
1.424051
1.223949
1.425342
1.300117
1.418887
0.756613
1.426633
1.396941
1.411141
1.302699
1.416305
1.353047
1.412432
1.340137
1.405978
1.369830
1.407269
1.076777
1.408560
1.293662
1.409851
1.209748
1.413723
1.415014
1.408560
0.979953
1.415014
1.149072
1.412432
1.252351
1.415014
1.358211
1.415014
1.405978
1.417596
1.242023
1.408560
1.245896
1.412432
1.393068
1.415014
1.115506
1.418887
0.892166
1.421469
1.399523
1.412432
1.415014
1.422760
1.173601
1.420178
1.403396
1.408560
1.227822
1.418887
1.014810
1.413723
1.420178
1.415014
1.243314
1.417596
1.364666
1.412432
1.296244
1.415014
1.386613
1.407269
1.417596
1.416305
1.257515
1.421469
1.305281
1.408560
1.405978
1.424051
1.320773
1.403396
1.344010
1.420178
0.814707
1.421469
1.266551
1.415014
1.136162
1.416305
1.408560
1.391777
1.338846
1.404687
1.152945
1.417596
1.334974
1.416305
1.404687
1.413723
1.345301
1.407269
1.199420
1.412432
1.141326
1.411141
0.969625
1.415014
1.329810
1.404687
0.946388
1.398232
1.415014
1.416305
1.371121
1.416305
1.212330
1.426633
1.143908
1.416305
1.325937
1.404687
0.954134
1.417596
1.363375
1.422760
0.834072
1.422760
1.130998
1.418887
1.422760
1.425342
1.066449
1.416305
1.336264
1.409851
0.911531
1.412432
1.151654
1.408560
1.171019
1.416305
1.158109
1.425342
1.223949
1.404687
1.293662
1.418887
1.403396
1.399523
1.014810
1.418887
1.293662
1.421469
1.248478
1.413723
1.350465
1.413723
1.394359
1.408560
1.318191
1.418887
1.260097
1.418887
1.207166
1.360793
1.121961
1.418887
1.249769
1.413723
0.968334
1.418887
1.087105
1.417596
1.258806
1.417596
1.112924
1.416305
1.324646
1.413723
1.000609
1.168437
1.031593
1.415014
0.699810
1.276879
1.161982
1.409851
1.340137
1.353047
1.083232
1.087105
1.327228
1.418887
0.942515
1.409851
1.381449
1.412432
1.420178
1.404687
1.150363
1.413723
1.168437
1.420178
0.724339
1.416305
1.230404
1.411141
1.054830
1.415014
1.203293
1.417596
1.138744
1.424051
1.389195
1.424051
1.094851
1.408560
1.265260
1.409851
1.242023
1.427924
1.147781
1.416305
0.923150
1.411141
1.119379
1.405978
1.198129
1.417596
1.163273
1.420178
1.262678
1.415014
0.990281
1.421469
1.129707
1.377576
1.231695
1.411141
1.172310
1.405978
1.164564
1.411141
1.130998
1.424051
1.109052
1.413723
0.777269
1.420178
1.328519
1.415014
1.232986
1.422760
1.275588
1.420178
1.186511
1.407269
1.254933
1.412432
0.608150
1.402105
1.405978
1.417596
1.420178
1.417596
0.714011
1.411141
1.350465
1.427924
1.036757
1.413723
1.194256
1.416305
1.411141
1.409851
1.418887
1.413723
1.040629
1.417596
1.358211
1.416305
1.373703
1.422760
1.384031
1.418887
1.289789
1.413723
1.105179
1.416305
1.265260
1.424051
1.231695
1.417596
1.183929
1.418887
1.320773
1.412432
0.959298
1.404687
0.841818
1.418887
1.070322
1.422760
1.191674
1.417596
0.982535
1.408560
1.214912
1.409851
1.196838
1.409851
1.014810
1.413723
1.130998
1.421469
1.066449
1.424051
1.394359
1.409851
1.178765
1.415014
1.222658
1.420178
1.159400
1.262678
1.196838
1.415014
0.876675
1.409851
1.416305
1.420178
1.050957
1.416305
1.094851
1.413723
0.680445
1.420178
1.040629
1.412432
1.191674
1.413723
1.133580
1.415014
1.249769
1.411141
1.066449
1.424051
1.347883
1.415014
1.070322
1.391777
0.856019
1.415014
1.198129
1.407269
1.134871
1.421469
1.344010
1.396941
1.088396
1.418887
0.988990
1.421469
1.407269
1.415014
1.047084
1.409851
1.118088
1.415014
1.080650
1.415014
1.140035
1.420178
1.127125
1.417596
1.119379
1.417596
1.239441
1.418887
1.081941
1.420178
1.393068
1.422760
1.035466
1.411141
1.367248
1.405978
1.154236
1.376285
1.090978
1.407269
1.407269
1.424051
0.730794
1.426633
1.110343
1.427924
1.415014
1.427924
0.970916
1.422760
1.229113
1.417596
1.075486
1.417596
0.963170
1.409851
1.094851
1.413723
1.080650
1.416305
0.908949
1.411141
1.271715
1.416305
1.265260
1.399523
1.137453
1.402105
1.143908
1.421469
1.176183
1.399523
0.735958
1.408560
1.374994
1.400814
1.084523
1.413723
1.049666
1.422760
1.154236
1.417596
1.062576
1.420178
1.034175
1.416305
1.173601
1.422760
1.081941
1.429215
1.190383
1.422760
1.094851
1.354338
1.084523
1.418887
1.034175
1.422760
0.954134
1.415014
0.898621
1.400814
1.152945
1.412432
1.115506
1.408560
1.114215
1.172310
1.261388
1.415014
0.716593
1.412432
1.245896
1.416305
0.964461
1.413723
1.067740
1.416305
1.074195
1.418887
1.159400
1.415014
1.149072
1.408560
0.936060
1.407269
1.010937
1.408560
1.102597
1.404687
1.100015
1.411141
1.071613
1.409851
1.154236
1.407269
1.043211
1.416305
0.596531
1.420178
0.730794
1.420178
1.300117
1.415014
1.112924
1.412432
1.105179
1.205875
1.420178
1.418887
1.092269
1.422760
1.152945
1.415014
1.087105
1.400814
1.110343
1.413723
1.065158
1.415014
1.172310
1.413723
1.207166
1.404687
1.121961
1.403396
1.014810
1.407269
0.987699
1.411141
0.885712
1.418887
1.110343
1.405978
0.970916
1.416305
1.018683
1.405978
1.154236
1.413723
1.081941
1.417596
1.121961
1.413723
1.111634
1.422760
1.100015
1.421469
1.096142
1.416305
1.107761
1.418887
1.083232
1.404687
1.021265
1.411141
1.145199
1.413723
0.999318
1.422760
1.123252
1.347883
1.013519
1.400814
1.089687
1.407269
1.071613
1.393068
1.097433
1.310445
1.098724
1.340137
1.084523
1.260097
1.049666
1.260097
1.076777
1.260097
1.087105
1.257515
1.059994
1.249769
1.110343
1.256224
1.075486
1.200711
1.062576
1.380158
1.125834
1.327228
1.062576
1.261388
0.991572
1.270424
1.120670
1.280752
1.056121
1.257515
1.110343
1.146490
1.094851
1.100015
0.937351
1.235568
1.023847
1.243314
1.158109
1.229113
1.124543
1.263969
1.078068
1.244605
1.142617
1.238150
1.043211
1.302699
1.030302
1.267842
1.123252
1.160691
0.967043
1.256224
1.136162
1.256224
1.063867
1.238150
1.199420
1.270424
1.107761
1.223949
1.252351
1.322064
1.103888
1.306572
1.058703
1.075486
1.211039
1.262678
1.101306
1.221367
1.121961
1.273006
1.387904
1.236859
1.065158
1.242023
1.062576
1.167146
1.173601
1.263969
0.699810
1.282043
1.136162
1.220076
1.010937
1.172310
1.058703
1.234277
1.041920
1.128416
1.116797
1.239441
1.048375
1.269133
0.880548
1.303990
1.279461
1.253642
1.368539
1.136162
1.159400
1.258806
1.110343
1.262678
1.417596
1.244605
1.063867
1.260097
1.133580
1.333683
1.070322
1.218785
1.026429
1.238150
1.128416
1.257515
1.145199
1.110343
1.365957
1.261388
1.232986
1.248478
1.070322
1.171019
1.214912
1.247187
1.143908
1.328519
0.751449
1.242023
1.173601
1.306572
1.363375
1.196838
1.171019
1.234277
1.115506
1.253642
1.101306
1.149072
1.125834
1.270424
1.191674
1.238150
1.083232
1.309154
1.090978
1.303990
1.192965
1.247187
1.127125
1.364666
1.027720
1.319482
1.168437
1.256224
1.333683
1.274297
1.105179
1.227822
0.934769
1.324646
1.138744
1.163273
1.261388
1.351756
1.063867
1.254933
1.192965
1.251060
1.167146
1.287207
1.094851
1.247187
1.130998
1.310445
1.133580
1.230404
1.191674
1.249769
1.101306
1.249769
1.118088
1.242023
1.172310
1.306572
1.242023
1.270424
1.097433
1.249769
1.174892
1.253642
1.130998
1.256224
1.125834
1.267842
1.160691
1.275588
1.090978
1.287207
1.260097
1.236859
1.189092
1.262678
1.242023
1.232986
1.138744
1.333683
1.105179
1.223949
1.209748
1.249769
1.120670
1.238150
1.160691
1.270424
1.160691
1.049666
1.403396
1.124543
1.412432
1.253642
1.333683
1.239441
1.274297
1.269133
1.400814
1.384031
1.418887
1.325937
1.420178
1.213621
1.418887
1.351756
1.416305
1.236859
1.420178
1.242023
1.411141
1.133580
1.412432
1.282043
1.409851
1.260097
1.407269
1.267842
1.416305
1.238150
1.417596
1.256224
1.421469
0.954134
1.409851
1.240732
1.422760
1.227822
1.425342
1.245896
1.418887
1.234277
1.422760
1.353047
1.416305
1.251060
1.421469
1.279461
1.424051
1.329810
1.416305
1.282043
1.424051
1.251060
1.409851
1.249769
1.412432
1.229113
1.418887
1.271715
1.411141
1.239441
1.415014
1.243314
1.407269
1.235568
1.405978
1.331101
1.416305
1.338846
1.413723
1.238150
1.416305
1.289789
1.409851
1.249769
1.412432
1.190383
1.416305
1.386613
1.418887
1.382740
1.417596
1.296244
1.416305
1.244605
1.417596
1.257515
1.422760
1.239441
1.416305
1.247187
1.412432
1.221367
1.402105
1.214912
1.418887
1.262678
1.422760
1.240732
1.422760
1.320773
1.408560
1.256224
1.405978
1.243314
1.411141
1.245896
1.412432
1.229113
1.412432
1.306572
1.416305
1.390486
1.424051
1.171019
1.421469
1.211039
1.409851
1.257515
1.413723
1.232986
1.409851
1.253642
1.413723
1.222658
1.418887
1.251060
1.415014
1.249769
1.413723
1.243314
1.402105
1.022556
1.405978
1.297535
1.413723
1.257515
1.418887
1.194256
1.418887
1.345301
1.409851
1.218785
1.411141
1.309154
1.429215
1.141326
1.420178
1.275588
1.421469
1.214912
1.408560
1.230404
1.413723
1.231695
1.413723
1.247187
1.412432
1.214912
1.421469
1.256224
1.415014
1.253642
1.417596
1.174892
1.421469
1.190383
1.412432
1.207166
1.416305
1.191674
1.408560
1.263969
1.417596
1.236859
1.416305
1.315609
1.412432
0.985117
1.411141
0.836654
1.411141
1.327228
1.409851
1.217494
1.413723
1.267842
1.412432
1.236859
1.407269
1.231695
1.405978
1.252351
1.418887
1.252351
1.421469
1.211039
1.411141
1.230404
1.411141
1.143908
1.409851
1.273006
1.415014
1.248478
1.418887
1.313027
1.417596
1.235568
1.409851
1.251060
1.415014
1.288498
1.418887
1.151654
1.420178
1.253642
1.413723
1.235568
1.405978
1.244605
1.412432
1.222658
1.415014
1.234277
1.416305
1.253642
1.422760
1.227822
1.404687
1.223949
1.417596
1.239441
1.425342
1.291080
1.420178
1.269133
1.420178
1.211039
1.405978
1.240732
1.415014
1.234277
1.418887
1.227822
1.408560
1.371121
1.413723
1.364666
1.407269
1.240732
1.415014
1.234277
1.415014
1.249769
1.417596
1.217494
1.416305
1.225240
1.411141
1.230404
1.421469
1.245896
1.421469
1.207166
1.416305
1.189092
1.429215
1.296244
1.412432
1.300117
1.416305
1.230404
1.403396
1.248478
1.417596
1.236859
1.415014
1.227822
1.407269
1.390486
1.407269
1.249769
1.413723
1.216203
1.413723
1.267842
1.412432
1.226531
1.409851
1.212330
1.408560
1.221367
1.411141
1.231695
1.418887
1.252351
1.416305
1.240732
1.418887
1.003191
1.417596
1.207166
1.416305
1.239441
1.421469
1.214912
1.412432
1.227822
1.415014
1.234277
1.412432
1.225240
1.413723
1.365957
1.412432
1.229113
1.403396
1.119379
1.411141
1.227822
1.403396
1.202002
1.400814
1.214912
1.415014
1.216203
1.415014
1.149072
1.416305
1.220076
1.417596
1.214912
1.418887
1.287207
1.420178
1.252351
1.411141
1.220076
1.418887
1.203293
1.411141
1.236859
1.416305
1.230404
1.421469
1.223949
1.418887
1.121961
1.417596
1.200711
1.418887
1.124543
1.418887
1.182638
1.420178
1.216203
1.409851
1.213621
1.415014
1.230404
1.415014
1.231695
1.412432
1.169728
1.417596
1.239441
1.421469
1.171019
1.411141
1.205875
1.411141
1.220076
1.413723
1.142617
1.416305
1.223949
1.411141
1.214912
1.412432
1.221367
1.417596
1.203293
1.415014
1.207166
1.412432
1.213621
1.415014
1.211039
1.402105
1.163273
1.413723
1.234277
1.417596
1.155527
1.420178
1.222658
1.421469
1.243314
1.415014
1.161982
1.433088
1.238150
1.417596
1.211039
1.407269
1.190383
1.412432
1.393068
1.411141
1.211039
1.418887
1.230404
1.430506
1.178765
1.408560
1.204584
1.416305
1.185220
1.413723
1.208457
1.404687
1.240732
1.421469
1.065158
1.412432
1.222658
1.421469
1.203293
1.411141
1.202002
1.409851
1.205875
1.417596
1.136162
1.407269
1.204584
1.416305
1.190383
1.411141
1.202002
1.409851
1.223949
1.424051
1.213621
1.415014
1.198129
1.417596
1.252351
1.416305
1.203293
1.411141
1.199420
1.413723
1.214912
1.409851
1.196838
1.405978
1.235568
1.417596
1.208457
1.422760
1.195547
1.416305
1.195547
1.408560
1.070322
1.403396
1.232986
1.402105
1.207166
1.421469
1.203293
1.412432
1.191674
1.418887
1.177474
1.409851
1.202002
1.415014
1.180056
1.424051
1.355629
1.407269
1.196838
1.408560
1.195547
1.411141
1.178765
1.424051
1.182638
1.425342
1.203293
1.413723
1.187801
1.415014
1.163273
1.407269
1.169728
1.413723
1.238150
1.416305
1.022556
1.395650
1.186511
1.415014
1.190383
1.411141
1.216203
1.403396
1.203293
1.417596
1.160691
1.400814
1.340137
1.403396
1.217494
1.409851
1.194256
1.417596
1.194256
1.417596
1.176183
1.412432
1.189092
1.417596
1.191674
1.420178
1.194256
1.420178
1.199420
1.425342
1.223949
1.415014
1.285916
1.416305
1.058703
1.408560
1.182638
1.412432
1.167146
1.413723
1.203293
1.411141
1.198129
1.413723
1.141326
1.408560
1.371121
1.411141
1.191674
1.415014
1.189092
1.415014
1.165855
1.409851
1.156818
1.412432
1.181347
1.416305
1.171019
1.415014
1.198129
1.420178
1.111634
1.412432
1.176183
1.416305
1.146490
1.417596
1.062576
1.409851
1.151654
1.413723
1.165855
1.398232
0.946388
1.412432
1.174892
1.418887
1.160691
1.416305
1.273006
1.421469
1.158109
1.409851
1.168437
1.412432
1.150363
1.413723
1.177474
1.408560
1.154236
1.408560
1.159400
1.402105
1.147781
1.415014
1.177474
1.422760
1.172310
1.422760
1.121961
1.429215
1.134871
1.411141
1.159400
1.418887
1.320773
1.418887
0.929605
1.415014
1.216203
1.418887
1.146490
1.425342
1.211039
1.411141
1.133580
1.413723
1.161982
1.412432
1.134871
1.412432
1.147781
1.409851
1.159400
1.416305
1.164564
1.417596
1.151654
1.412432
1.141326
1.408560
1.203293
1.413723
1.161982
1.416305
1.063867
1.415014
1.128416
1.411141
1.128416
1.408560
1.163273
1.411141
0.994154
1.421469
1.158109
1.384031
1.177474
1.420178
1.138744
1.404687
1.121961
1.418887
1.128416
1.417596
1.052248
1.422760
1.158109
1.420178
1.116797
1.407269
1.128416
1.408560
1.120670
1.415014
1.240732
1.415014
1.121961
1.412432
1.141326
1.413723
1.089687
1.415014
1.134871
1.420178
1.116797
1.413723
1.114215
1.395650
0.473888
1.416305
1.182638
1.409851
1.111634
1.411141
1.134871
1.408560
1.063867
1.416305
1.140035
1.407269
1.134871
1.418887
1.074195
1.420178
1.121961
1.417596
0.875384
1.421469
1.114215
1.404687
0.893457
1.416305
1.145199
1.412432
1.079359
1.422760
1.102597
1.417596
1.109052
1.409851
1.371121
1.396941
1.127125
1.417596
1.090978
1.418887
1.098724
1.420178
1.101306
1.409851
1.069031
1.416305
1.204584
1.420178
1.094851
1.417596
1.110343
1.413723
1.101306
1.409851
1.079359
1.409851
1.155527
1.415014
1.164564
1.429215
1.145199
1.411141
1.143908
1.412432
0.853437
1.408560
1.186511
1.412432
1.282043
1.431797
1.307863
1.411141
0.702392
1.417596
1.059994
1.415014
1.062576
1.416305
1.008355
1.417596
1.258806
1.408560
0.978662
1.417596
1.165855
1.413723
1.052248
1.415014
1.116797
1.417596
1.021265
1.417596
0.983826
1.415014
1.389195
1.404687
0.979953
1.408560
1.114215
1.417596
1.183929
1.408560
0.813417
1.415014
0.999318
1.415014
1.038047
1.408560
1.043211
1.420178
1.022556
1.408560
1.311736
1.412432
1.340137
1.409851
0.899912
1.412432
1.129707
1.409851
1.137453
1.415014
1.270424
1.421469
0.870220
1.411141
0.898621
1.420178
1.062576
1.417596
1.026429
1.422760
0.976080
1.416305
1.088396
1.417596
1.159400
1.408560
0.928314
1.409851
0.956716
1.408560
1.269133
1.409851
0.941224
1.416305
1.076777
1.422760
1.016101
1.418887
1.211039
1.430506
1.183929
1.403396
1.001900
1.390486
0.952843
1.418887
1.031593
1.407269
1.403396
1.420178
1.000609
1.413723
1.420178
1.422760
0.979953
1.417596
1.420178
1.418887
1.416305
1.416305
1.407269
1.411141
1.411141
1.412432
1.409851
1.411141
1.411141
1.409851
1.409851
1.413723
1.413723
1.411141
1.417596
1.417596
1.417596
1.420178
1.398232
1.405978
1.422760
1.426633
1.417596
1.421469
1.424051
1.422760
1.418887
1.418887
1.427924
1.411141
1.407269
1.413723
1.411141
1.417596
1.416305
1.417596
1.427924
1.430506
1.426633
1.420178
1.409851
1.411141
1.412432
1.413723
1.408560
1.413723
1.417596
1.415014
1.418887
1.413723
1.413723
1.408560
1.398232
1.413723
1.412432
1.412432
1.426633
1.418887
1.431797
1.418887
1.407269
1.412432
1.415014
1.403396
1.413723
1.448580
1.407269
1.408560
1.422760
1.422760
1.411141
1.411141
1.413723
1.413723
1.415014
1.413723
1.412432
1.409851
1.417596
1.413723
1.408560
1.408560
1.412432
1.411141
1.415014
1.415014
1.403396
1.408560
1.412432
1.403396
1.404687
1.407269
1.424051
1.412432
1.417596
1.417596
1.421469
1.409851
1.412432
1.380158
1.421469
1.412432
1.407269
1.413723
1.417596
1.430506
1.421469
1.416305
1.416305
1.422760
1.424051
1.422760
1.422760
1.420178
1.415014
1.413723
1.417596
1.415014
1.412432
1.431797
1.412432
1.416305
1.418887
1.425342
1.416305
1.418887
1.417596
1.412432
1.407269
1.413723
1.416305
1.418887
1.425342
1.413723
1.424051
1.421469
1.424051
1.413723
1.403396
1.416305
1.421469
1.416305
1.415014
1.413723
1.416305
1.413723
1.422760
1.418887
1.420178
1.418887
1.424051
1.418887
1.418887
1.408560
1.421469
1.413723
1.416305
1.403396
1.420178
1.403396
1.413723
1.413723
1.416305
1.417596
1.433088
1.417596
1.418887
1.409851
1.422760
1.394359
1.408560
1.415014
1.409851
1.399523
1.408560
1.413723
1.418887
1.417596
1.415014
1.411141
1.411141
1.412432
1.418887
1.421469
1.420178
1.415014
1.402105
1.412432
1.415014
1.408560
1.415014
1.411141
1.403396
1.420178
1.416305
1.400814
1.242023
1.418887
1.416305
1.408560
1.404687
1.409851
1.415014
1.417596
1.422760
1.416305
1.416305
1.415014
1.415014
1.409851
1.412432
1.416305
1.418887
1.424051
1.422760
1.418887
1.413723
1.411141
1.413723
1.407269
1.415014
1.413723
1.413723
1.412432
1.418887
1.398232
1.413723
1.405978
1.418887
1.402105
1.412432
1.413723
1.338846
1.257515
1.425342
1.424051
1.398232
1.409851
1.416305
1.412432
1.411141
1.412432
1.417596
1.417596
1.421469
1.418887
1.407269
1.409851
1.413723
1.408560
1.408560
1.411141
1.417596
1.417596
1.417596
1.417596
1.420178
1.404687
1.190383
1.415014
1.416305
1.415014
1.420178
1.417596
1.417596
1.412432
1.121961
1.396941
1.409851
1.407269
1.413723
1.413723
1.411141
1.418887
1.420178
1.424051
1.418887
1.409851
1.415014
1.417596
1.417596
1.416305
1.421469
1.420178
1.417596
1.418887
1.417596
1.408560
1.405978
1.412432
1.276879
1.407269
1.412432
1.411141
1.120670
1.420178
1.420178
1.413723
1.415014
1.418887
1.421469
1.424051
1.346592
1.417596
1.416305
1.417596
1.420178
1.409851
1.285916
1.408560
1.418887
1.420178
1.395650
1.413723
1.409851
1.412432
1.421469
1.415014
1.407269
1.416305
1.418887
1.412432
1.413723
1.421469
1.421469
1.412432
1.387904
1.417596
1.412432
1.413723
1.418887
1.415014
1.413723
1.398232
1.359502
1.405978
1.412432
1.411141
1.405978
1.408560
1.415014
1.417596
1.415014
1.415014
1.409851
1.404687
1.412432
1.418887
1.411141
1.415014
1.416305
1.424051
1.420178
1.407269
1.422760
1.413723
1.386613
1.412432
1.418887
1.400814
1.417596
1.413723
1.418887
1.422760
1.413723
1.415014
1.416305
1.391777
1.411141
1.412432
1.407269
1.421469
1.418887
1.417596
1.195547
1.430506
1.306572
1.418887
1.245896
1.416305
1.325937
1.420178
1.346592
1.418887
1.359502
1.416305
1.195547
1.409851
1.411141
1.409851
1.405978
1.416305
1.393068
1.413723
1.270424
1.409851
1.171019
1.405978
1.273006
1.402105
1.319482
1.409851
1.351756
1.422760
1.292371
1.425342
1.364666
1.418887
1.283334
1.416305
1.240732
1.420178
1.334974
1.413723
1.408560
1.415014
1.087105
1.407269
1.209748
1.409851
1.399523
1.424051
1.093560
1.411141
0.907658
1.418887
1.267842
1.411141
1.243314
1.421469
1.356920
1.417596
1.238150
1.413723
1.242023
1.411141
0.894748
1.404687
1.354338
1.417596
1.265260
1.425342
1.315609
1.416305
1.294953
1.412432
1.220076
1.413723
1.279461
1.426633
1.270424
1.420178
1.356920
1.413723
1.112924
1.413723
1.341428
1.400814
0.853437
1.422760
1.372412
1.409851
1.327228
1.417596
1.403396
1.418887
1.296244
1.424051
1.417596
1.417596
1.332392
1.417596
1.354338
1.413723
1.274297
1.403396
1.386613
1.413723
1.134871
1.412432
1.332392
1.411141
1.309154
1.409851
1.385322
1.407269
1.121961
1.402105
1.226531
1.425342
1.168437
1.422760
1.014810
1.436961
1.386613
1.418887
1.252351
1.420178
0.879257
1.434379
1.420178
1.424051
1.227822
1.413723
0.941224
1.409851
1.353047
1.412432
1.026429
1.407269
1.324646
1.405978
1.081941
1.420178
1.171019
1.408560
1.137453
1.415014
1.156818
1.421469
1.232986
1.412432
1.127125
1.417596
1.274297
1.418887
1.067740
1.421469
0.800507
1.425342
1.258806
1.398232
1.164564
1.417596
0.743703
1.400814
1.386613
1.418887
1.322064
1.408560
0.373191
1.417596
1.222658
1.416305
1.134871
1.408560
1.284625
1.413723
1.080650
1.416305
1.063867
1.415014
1.200711
1.415014
1.303990
1.411141
1.005773
1.405978
1.254933
1.416305
1.008355
1.409851
1.372412
1.411141
1.120670
1.411141
1.118088
1.417596
1.413723
1.417596
0.941224
1.416305
1.225240
1.417596
1.177474
1.413723
1.109052
1.416305
1.061285
1.415014
0.982535
1.416305
1.050957
1.407269
1.097433
1.415014
1.079359
1.418887
1.177474
1.340137
1.180056
1.398232
1.079359
1.337555
1.119379
1.275588
1.093560
1.267842
1.087105
1.284625
1.085814
1.394359
0.948970
1.200711
1.059994
1.291080
1.101306
1.257515
1.119379
1.232986
1.164564
1.242023
1.088396
1.230404
1.069031
1.239441
1.123252
1.249769
1.048375
1.238150
1.072904
1.307863
1.090978
1.164564
1.103888
1.408560
1.149072
1.260097
1.191674
1.356920
1.065158
1.301408
1.067740
1.283334
1.371121
1.378867
0.958007
1.225240
1.074195
1.306572
1.187801
1.238150
1.149072
1.258806
1.125834
1.236859
1.119379
1.247187
1.110343
1.236859
1.146490
1.234277
1.195547
1.301408
1.411141
1.168437
1.416305
1.243314
1.427924
1.243314
1.417596
1.266551
1.412432
1.249769
1.409851
1.222658
1.417596
1.260097
1.413723
1.334974
1.412432
1.252351
1.409851
1.225240
1.408560
1.239441
1.416305
1.231695
1.424051
1.204584
1.416305
1.232986
1.415014
1.231695
1.416305
1.230404
1.420178
1.163273
1.436961
1.190383
1.422760
1.227822
1.420178
1.235568
1.409851
1.165855
1.411141
1.243314
1.411141
1.247187
1.411141
1.274297
1.411141
1.319482
1.415014
1.256224
1.416305
1.245896
1.417596
1.174892
1.422760
1.198129
1.415014
1.236859
1.417596
1.235568
1.416305
1.232986
1.412432
1.238150
1.411141
1.311736
1.398232
1.276879
1.411141
1.354338
1.409851
1.251060
1.420178
1.223949
1.420178
1.130998
1.409851
1.244605
1.417596
1.273006
1.421469
1.208457
1.421469
1.231695
1.420178
1.235568
1.411141
1.226531
1.417596
1.214912
1.415014
1.251060
1.415014
1.226531
1.421469
1.214912
1.413723
1.212330
1.416305
1.293662
1.412432
1.231695
1.415014
1.333683
1.417596
1.282043
1.407269
1.173601
1.412432
1.220076
1.413723
1.205875
1.411141
1.159400
1.409851
1.218785
1.403396
1.211039
1.411141
1.191674
1.412432
1.209748
1.417596
1.217494
1.415014
1.222658
1.413723
1.191674
1.415014
1.203293
1.416305
1.116797
1.411141
1.141326
1.411141
1.191674
1.416305
1.211039
1.417596
1.211039
1.426633
1.137453
1.427924
1.180056
1.416305
1.167146
1.421469
1.282043
1.417596
1.164564
1.409851
1.164564
1.409851
1.160691
1.407269
1.171019
1.416305
1.180056
1.421469
1.173601
1.413723
1.149072
1.412432
1.142617
1.405978
1.107761
1.416305
1.147781
1.411141
1.137453
1.416305
1.136162
1.420178
1.127125
1.405978
1.110343
1.405978
1.118088
1.415014
1.134871
1.415014
1.165855
1.413723
1.088396
1.413723
1.128416
1.418887
1.044502
1.420178
1.114215
1.413723
1.151654
1.417596
1.069031
1.411141
1.138744
1.418887
1.178765
1.417596
0.981244
1.411141
1.284625
1.411141
0.983826
1.412432
1.078068
1.413723
0.921859
1.416305
1.231695
1.413723
1.328519
1.417596
0.979953
1.408560
0.738540
1.409851
1.059994
1.413723
1.029011
1.416305
1.164564
1.412432
1.305281
1.422760
1.003191
1.425342
1.425342
1.422760
1.427924
1.418887
1.415014
1.399523
1.413723
1.415014
1.407269
1.412432
1.386613
1.416305
1.421469
1.416305
1.408560
1.404687
1.403396
1.415014
1.408560
1.413723
1.416305
1.416305
1.413723
1.417596
1.416305
1.413723
1.417596
1.412432
1.422760
1.412432
1.426633
1.422760
1.418887
1.422760
1.417596
1.408560
1.416305
1.413723
1.429215
1.415014
1.417596
1.413723
1.413723
1.413723
1.411141
1.409851
1.412432
1.418887
1.416305
1.412432
1.418887
1.412432
1.411141
1.407269
1.415014
1.413723
1.409851
1.411141
1.415014
1.403396
1.418887
1.413723
1.395650
1.413723
1.411141
1.405978
1.396941
1.407269
1.417596
1.416305
1.417596
1.417596
1.429215
1.429215
1.412432
1.408560
1.408560
1.413723
1.418887
1.415014
1.413723
1.418887
1.411141
1.416305
1.422760
1.411141
1.399523
1.411141
1.413723
1.411141
1.416305
1.417596
1.420178
1.416305
1.418887
1.424051
1.416305
1.426633
1.415014
1.418887
1.424051
1.421469
1.418887
1.413723
1.413723
1.447289
1.425342
1.400814
1.413723
1.415014
1.418887
1.417596
1.420178
1.413723
1.413723
1.415014
1.412432
1.408560
1.416305
1.403396
1.359502
1.408560
1.412432
1.396941
1.409851
1.413723
1.418887
1.413723
1.417596
1.413723
1.420178
1.421469
1.422760
1.413723
1.413723
1.412432
1.413723
1.408560
1.417596
1.427924
1.412432
1.421469
1.421469
1.413723
1.415014
1.421469
1.418887
1.415014
1.420178
1.415014
1.415014
1.420178
1.424051
1.395650
1.417596
1.415014
1.422760
1.417596
1.421469
1.420178
1.415014
1.416305
1.417596
1.411141
1.409851
1.412432
1.413723
1.415014
1.407269
1.417596
1.409851
1.409851
1.322064
1.408560
1.409851
1.411141
1.417596
1.405978
1.418887
1.420178
1.416305
1.412432
1.421469
1.417596
1.296244
1.417596
1.425342
1.404687
1.424051
1.429215
1.422760
1.421469
1.416305
1.409851
1.328519
1.411141
1.412432
1.415014
1.416305
1.417596
1.416305
1.409851
1.389195
1.418887
1.418887
1.416305
1.422760
1.426633
1.411141
1.429215
1.427924
1.420178
1.243314
1.421469
1.418887
1.413723
1.422760
1.396941
1.409851
1.408560
1.413723
1.408560
1.411141
1.411141
1.396941
1.418887
1.420178
1.411141
1.353047
1.420178
1.418887
1.413723
1.413723
1.417596
1.418887
1.416305
1.417596
1.418887
1.411141
1.407269
1.418887
1.409851
1.408560
1.409851
1.413723
1.407269
1.408560
1.412432
1.425342
1.417596
1.163273
1.415014
1.420178
1.412432
1.096142
1.416305
1.409851
1.415014
1.276879
1.412432
1.249769
1.417596
1.395650
1.409851
1.369830
1.417596
1.232986
1.417596
1.257515
1.411141
1.292371
1.413723
1.230404
1.400814
1.416305
1.417596
1.063867
1.418887
1.324646
1.416305
1.296244
1.424051
1.041920
1.405978
1.164564
1.262678
1.291080
1.431797
1.182638
1.417596
1.322064
1.417596
1.411141
1.404687
1.276879
1.416305
1.271715
1.418887
1.225240
1.413723
0.750158
1.416305
1.202002
1.408560
1.232986
1.415014
0.626224
1.425342
1.358211
1.416305
1.313027
1.411141
1.360793
1.411141
1.275588
1.412432
1.220076
1.409851
1.373703
1.400814
1.247187
1.396941
1.395650
1.409851
1.258806
1.408560
1.372412
1.417596
1.355629
1.415014
1.307863
1.417596
1.248478
1.417596
1.262678
1.422760
1.358211
1.418887
1.270424
1.416305
1.254933
1.422760
1.050957
1.399523
1.415014
1.415014
0.755322
1.427924
1.417596
1.421469
1.058703
1.424051
1.307863
1.425342
1.420178
1.404687
0.862474
1.409851
1.403396
1.411141
1.411141
1.405978
1.229113
1.416305
1.253642
1.422760
1.172310
1.415014
1.226531
1.417596
1.412432
1.395650
1.174892
1.427924
1.094851
1.418887
1.309154
1.411141
1.115506
1.399523
1.313027
1.411141
1.137453
1.418887
1.349174
1.418887
1.298826
1.421469
1.333683
1.417596
1.220076
1.405978
1.151654
1.416305
1.115506
1.416305
1.222658
1.415014
1.111634
1.412432
1.105179
1.408560
0.695937
1.412432
1.172310
1.409851
0.810835
1.411141
0.908949
1.417596
1.263969
1.416305
1.007064
1.420178
1.415014
1.422760
1.164564
1.413723
1.334974
1.400814
0.854728
1.342719
1.311736
1.408560
0.990281
1.412432
1.415014
1.415014
0.972207
1.409851
1.119379
1.421469
1.063867
1.427924
1.216203
1.424051
1.075486
1.420178
1.059994
1.391777
1.114215
1.415014
1.163273
1.417596
1.001900
1.413723
1.067740
1.413723
1.116797
1.407269
1.081941
1.418887
1.263969
1.400814
0.299605
1.421469
1.420178
1.373703
1.072904
1.331101
1.106470
1.248478
1.076777
1.253642
1.094851
1.257515
1.040629
1.331101
1.050957
1.269133
1.145199
1.258806
1.076777
1.253642
1.089687
1.282043
1.097433
1.261388
1.118088
1.244605
1.053539
1.267842
1.143908
1.283334
1.123252
1.239441
0.457105
1.094851
1.065158
1.083232
1.079359
1.243314
1.106470
1.253642
1.154236
1.239441
1.018683
1.239441
0.945097
1.298826
1.180056
1.202002
1.121961
1.174892
1.083232
1.265260
1.083232
1.256224
1.416305
1.230404
1.142617
1.244605
1.208457
1.261388
1.147781
1.265260
1.115506
1.232986
1.130998
1.353047
1.063867
1.062576
1.373703
1.260097
1.418887
1.238150
1.411141
1.223949
1.417596
1.231695
1.396941
1.253642
1.411141
1.218785
1.412432
1.159400
1.409851
1.205875
1.417596
1.254933
1.412432
1.291080
1.422760
1.220076
1.418887
1.253642
1.420178
1.070322
1.418887
1.258806
1.415014
1.253642
1.418887
1.340137
1.421469
1.395650
1.421469
1.242023
1.413723
1.245896
1.411141
1.303990
1.413723
1.253642
1.413723
1.243314
1.416305
1.289789
1.411141
1.267842
1.417596
1.238150
1.421469
1.257515
1.405978
1.154236
1.416305
1.238150
1.399523
1.230404
1.390486
1.271715
1.411141
1.231695
1.415014
1.280752
1.425342
1.398232
1.405978
1.263969
1.417596
1.239441
1.420178
1.109052
1.409851
1.266551
1.413723
1.176183
1.403396
1.258806
1.416305
1.226531
1.420178
1.231695
1.420178
1.306572
1.429215
1.242023
1.420178
1.151654
1.420178
1.225240
1.417596
1.244605
1.418887
1.236859
1.413723
1.213621
1.408560
1.235568
1.409851
1.112924
1.421469
1.114215
1.409851
1.154236
1.407269
1.209748
1.398232
1.222658
1.411141
1.227822
1.416305
1.218785
1.417596
1.208457
1.415014
1.220076
1.412432
1.223949
1.418887
1.005773
1.416305
1.235568
1.417596
1.177474
1.408560
1.221367
1.409851
1.236859
1.411141
1.202002
1.417596
1.353047
1.421469
0.768232
1.412432
1.225240
1.407269
1.185220
1.411141
1.143908
1.412432
1.205875
1.427924
1.202002
1.409851
1.185220
1.412432
1.178765
1.413723
1.195547
1.411141
1.187801
1.417596
1.172310
1.412432
1.168437
1.409851
1.181347
1.418887
1.174892
1.416305
1.177474
1.420178
1.160691
1.408560
0.991572
1.430506
1.161982
1.418887
1.152945
1.415014
1.150363
1.418887
1.181347
1.405978
1.146490
1.405978
1.160691
1.412432
1.132289
1.411141
1.168437
1.420178
1.145199
1.407269
1.137453
1.417596
1.115506
1.421469
1.143908
1.420178
1.138744
1.416305
1.101306
1.405978
1.169728
1.417596
1.106470
1.413723
1.097433
1.409851
1.293662
1.416305
1.034175
1.403396
1.109052
1.416305
1.123252
1.413723
1.112924
1.417596
1.234277
1.416305
1.089687
1.413723
1.155527
1.420178
1.230404
1.422760
1.065158
1.416305
1.101306
1.408560
0.928314
1.416305
1.025138
1.411141
1.039338
1.415014
1.005773
1.425342
1.007064
1.407269
0.485507
1.415014
1.328519
1.412432
1.078068
1.416305
1.000609
1.420178
0.947679
1.408560
1.417596
1.417596
1.412432
1.415014
1.407269
1.415014
1.415014
1.418887
1.412432
1.416305
1.416305
1.418887
1.418887
1.422760
1.418887
1.416305
1.416305
1.407269
1.411141
1.405978
1.413723
1.417596
1.416305
1.424051
1.415014
1.408560
1.411141
1.413723
1.411141
1.408560
1.408560
1.411141
1.409851
1.411141
1.420178
1.413723
1.417596
1.413723
1.413723
1.405978
1.409851
1.413723
1.418887
1.415014
1.417596
1.417596
1.413723
1.413723
1.413723
1.411141
1.418887
1.409851
1.421469
1.417596
1.418887
1.418887
1.409851
1.417596
1.418887
1.415014
1.413723
1.418887
1.420178
1.415014
1.416305
1.418887
1.415014
1.411141
1.421469
1.413723
1.411141
1.416305
1.420178
1.418887
1.422760
1.420178
1.413723
1.411141
1.418887
1.413723
1.411141
1.409851
1.425342
1.420178
1.422760
1.416305
1.413723
1.409851
1.413723
1.418887
1.409851
1.408560
1.413723
1.421469
1.411141
1.427924
1.418887
1.408560
1.418887
1.416305
1.415014
1.407269
1.418887
1.417596
1.418887
1.418887
1.416305
1.405978
1.411141
1.412432
1.395650
1.395650
1.411141
1.411141
1.416305
1.422760
1.425342
1.417596
1.424051
1.421469
1.418887
1.415014
1.416305
1.412432
1.412432
1.418887
1.416305
1.413723
1.415014
1.417596
1.426633
1.420178
1.424051
1.420178
1.417596
1.417596
1.418887
1.416305
1.407269
1.411141
1.413723
1.409851
1.408560
1.409851
1.258806
1.408560
1.418887
1.413723
1.413723
1.415014
1.424051
1.411141
1.425342
1.429215
1.426633
1.420178
1.424051
1.418887
1.394359
1.409851
1.415014
1.416305
1.413723
1.411141
1.405978
1.396941
1.404687
1.402105
1.399523
1.399523
1.408560
1.409851
1.415014
1.417596
1.416305
1.415014
1.422760
1.430506
1.345301
1.420178
1.422760
1.420178
1.425342
1.429215
1.424051
1.416305
1.418887
1.424051
1.416305
1.354338
1.421469
1.413723
1.376285
1.417596
1.202002
1.405978
1.412432
1.412432
1.243314
1.408560
1.405978
1.412432
1.415014
1.420178
1.417596
1.409851
1.395650
1.416305
1.416305
1.415014
1.417596
1.415014
1.236859
1.421469
1.422760
1.411141
1.280752
1.407269
1.412432
1.416305
1.413723
1.411141
1.411141
1.417596
1.421469
1.418887
1.417596
1.420178
1.420178
1.413723
1.421469
1.425342
1.421469
1.413723
1.422760
1.421469
1.412432
1.411141
1.417596
1.403396
1.412432
1.412432
1.413723
1.409851
1.420178
1.398232
1.408560
1.409851
1.420178
1.420178
1.430506
1.430506
1.396941
1.418887
1.426633
1.409851
1.408560
1.409851
1.405978
1.409851
1.418887
1.417596
1.380158
1.408560
1.364666
1.411141
1.353047
1.413723
1.143908
1.412432
1.127125
1.324646
1.417596
1.412432
1.211039
1.422760
1.260097
1.416305
1.338846
1.386613
1.301408
1.415014
1.213621
1.408560
1.260097
1.408560
1.232986
1.413723
1.333683
1.413723
1.260097
1.412432
1.245896
1.404687
0.948970
1.426633
1.300117
1.411141
1.390486
1.417596
1.256224
1.420178
1.382740
1.418887
1.293662
1.417596
1.327228
1.416305
1.129707
1.417596
1.287207
1.132289
1.218785
1.411141
0.577167
1.417596
1.342719
1.415014
1.212330
1.418887
1.385322
1.404687
1.244605
1.413723
1.217494
1.417596
1.211039
1.422760
1.407269
1.421469
1.417596
1.412432
1.405978
1.421469
1.349174
1.412432
