1.555789
2.341681
1.582845
2.337816
1.584133
2.303031
1.578980
2.330086
1.581556
2.314626
1.597016
2.268245
1.590575
2.278552
1.631802
2.291436
1.609900
2.290147
1.631802
2.291436
1.617630
2.277264
1.649839
2.279841
1.674317
2.292724
1.709103
2.286282
1.697508
2.265669
1.698796
2.270822
1.709103
2.254074
1.732293
2.243767
1.733581
2.237325
1.734870
2.229595
1.740023
2.214135
1.728428
2.210270
1.763213
2.228307
1.754195
2.238613
1.778673
2.202540
1.747753
2.174196
1.732293
2.169043
1.782538
2.187080
1.791557
2.196098
1.790269
2.179349
1.821189
2.178061
1.835361
2.165178
1.834072
2.172908
1.845667
2.176773
1.863704
2.145852
1.849533
2.125239
1.849533
2.129104
1.881741
2.136834
1.874011
2.135546
1.901066
2.132969
1.921680
2.118797
1.924257
2.122662
1.922968
2.113644
1.961619
2.091742
1.944870
2.082723
1.933275
2.089165
1.947447
2.056956
1.965484
2.049226
1.965484
2.056956
2.015729
2.113644
2.046650
2.105914
2.053091
2.038920
2.044073
2.069840
2.090453
2.072417
2.080147
2.058245
2.093030
2.004134
2.050515
1.979656
2.067263
2.015729
2.078858
1.965484
2.100760
1.984809
2.113644
2.026036
2.178061
2.027324
2.157448
1.946159
2.120085
1.947447
2.122662
1.904931
2.153583
1.960330
2.179349
1.957754
2.210270
1.934563
2.229595
1.955177
2.228307
1.960330
2.257939
1.943582
2.230883
1.888183
2.203828
1.854686
2.221865
1.848244
2.233460
1.921680
2.299166
1.921680
2.315914
1.913950
2.301742
1.866281
2.291436
1.861128
2.324933
1.870146
2.332663
1.859839
2.345546
1.892048
2.363583
1.831496
2.336528
1.812170
2.368737
1.888183
2.389350
1.836649
2.380332
1.803152
2.384197
1.765790
2.371313
1.773520
2.395792
1.788980
2.428001
1.823766
2.471804
1.819901
2.466651
1.781250
2.482111
1.797999
2.467939
1.773520
2.510455
1.791557
2.541375
1.791557
2.522050
1.774808
2.515608
1.702661
2.479534
1.725851
2.518185
1.745176
2.523338
1.725851
2.523338
1.728428
2.589044
1.684624
2.527203
1.665299
2.572295
1.754195
2.661191
1.716833
2.627694
1.746465
2.663768
1.700084
2.625118
1.648550
2.644443
1.644685
2.652173
1.666587
2.670210
1.652415
2.657326
1.634378
2.680517
1.660145
2.710149
1.657569
2.711437
1.629225
2.704995
1.595728
2.694688
1.630513
2.753952
1.633090
2.750087
1.639532
2.760394
1.594440
2.759106
1.634378
2.753952
1.590575
2.712725
1.530022
2.748799
1.542906
2.764259
1.593151
2.799045
1.602170
2.804198
1.572538
2.801621
1.602170
2.820947
1.586710
2.808063
1.539041
2.811928
1.537752
2.790026
1.515850
2.831253
1.526157
2.788738
1.468182
2.795180
1.487507
2.823523
1.528734
2.850579
1.478488
2.836407
1.523581
2.862174
1.488795
2.873769
1.509409
2.893094
1.490084
2.894382
1.511985
2.904689
1.522292
2.935609
1.526157
2.945916
1.501679
2.939475
1.514562
2.949781
1.511985
2.927879
1.451433
2.925303
1.448856
2.939475
1.429531
2.957511
1.426955
2.952358
1.439838
2.958800
1.394746
2.938186
1.359960
2.978125
1.402476
3.020640
1.448856
3.020640
1.380574
3.015487
1.385727
3.045119
1.417936
3.065733
1.425666
3.046407
1.358672
3.068309
1.407629
3.106960
1.407629
3.097941
1.377997
3.078616
1.350942
3.094076
1.345789
3.115978
1.314868
3.094076
1.327752
3.105671
1.325175
3.158494
1.340635
3.166224
1.321310
3.193279
1.348365
3.177819
1.329040
3.201009
1.287813
3.121132
1.219531
3.148187
1.201494
3.204874
1.294255
3.207451
1.291678
3.257696
1.254316
3.239659
1.289101
3.286040
1.229837
3.251255
1.250451
3.271868
1.233702
3.296347
1.225972
3.304077
1.276218
3.332421
1.225972
3.273157
1.162843
3.295058
1.158978
3.313095
1.167997
3.301500
1.142230
3.331132
1.165420
3.356899
1.182168
3.351746
1.144806
3.300212
1.142230
3.376224
1.157690
3.358187
1.130635
3.355611
1.098426
3.344016
1.081677
3.387819
1.070082
3.400703
1.080389
3.432912
1.125481
3.474139
1.103579
3.436777
1.098426
3.453525
1.079101
3.432912
1.000511
3.377513
0.994070
3.081193
1.035297
3.436777
1.147383
3.503771
1.113886
3.478004
1.073947
3.485734
1.031432
3.480580
1.008242
3.490887
1.024990
3.512789
0.994070
3.520519
0.946401
3.502482
0.976033
3.529538
0.973456
3.488311
0.968303
3.566900
0.923211
3.555305
0.933517
3.470274
0.938671
3.501194
0.947689
3.550151
0.939959
3.526961
0.912904
3.547575
0.910327
3.587513
0.918057
3.577207
0.869100
3.564323
0.862658
3.546286
0.838180
3.573342
0.867812
3.604262
0.938671
3.685428
0.979898
3.725367
0.918057
3.644201
0.932229
3.671256
0.915481
3.675121
0.933517
3.700888
0.880695
3.678986
0.845910
3.662237
0.870388
3.702176
0.865235
3.726655
0.903885
3.708618
0.849775
3.720213
0.796953
3.609415
0.787934
3.694446
0.750572
3.605550
0.732535
3.727943
0.735112
3.666103
0.780204
3.698311
0.845910
3.789784
0.852352
3.649354
0.768609
3.738250
0.755725
3.729232
0.710633
3.476715
0.745419
3.561746
0.735112
3.626164
0.706768
3.742115
0.722228
3.809109
0.723517
3.711195
0.718363
3.627452
0.726093
3.570765
0.708057
3.582360
0.693885
3.609415
0.710633
3.611992
0.696461
3.584937
0.687443
3.566900
0.666829
3.841318
0.686155
3.809109
0.701615
3.767882
0.701615
3.712483
0.657811
3.807821
0.620449
3.577207
0.602412
3.660949
0.604989
3.818128
0.603700
3.809109
0.634621
3.892852
0.595970
3.720213
0.589529
3.727943
0.606277
3.793649
0.616584
3.691869
0.575357
3.695735
0.604989
3.724078
0.536706
3.818128
0.548302
3.890275
0.527688
3.602973
0.535418
3.573342
0.528976
3.614569
0.496768
3.748557
0.535418
3.828434
0.584375
3.725367
0.568915
3.587513
0.588240
3.657084
0.579222
3.800091
0.483884
3.605550
0.445234
3.708618
0.388546
3.566900
0.400142
3.586225
0.456829
3.801379
0.461982
3.742115
0.437504
3.476715
0.477442
3.809109
0.437504
3.632605
0.401430
3.678986
0.392411
3.814262
0.415602
3.653219
0.406583
3.691869
0.376951
3.800091
0.357626
3.675121
0.316399
3.655796
0.337013
3.633894
0.324129
3.601685
0.277749
3.627452
0.331859
3.855490
0.365356
3.673833
0.327994
3.819416
0.322841
3.847760
0.289344
3.756287
0.280325
3.807821
0.291920
3.766594
0.262288
3.742115
0.266153
3.697023
0.272595
3.590090
0.282902
3.824569
0.258423
3.753710
0.280325
3.635182
0.224926
3.611992
0.147625
3.738250
0.112840
3.626164
0.195294
3.664814
0.213331
3.664814
0.210754
3.563035
0.179834
3.610704
0.178546
3.829723
0.184988
3.774324
0.177257
3.693158
0.181122
3.876103
0.190141
3.749845
0.129589
3.749845
0.142472
3.645489
0.119282
3.584937
0.102533
3.615857
0.096092
3.597820
0.087073
3.697023
0.085785
3.820704
0.106398
3.688004
0.112840
3.789784
0.093515
3.840029
0.087073
3.771747
0.106398
3.847760
0.085785
3.796226
0.087073
3.664814
0.063883
3.814262
0.078055
3.849048
0.081920
3.753710
0.072901
3.583648
0.076766
3.678986
0.078055
3.834876
0.075478
3.646777
0.075478
3.876103
0.085785
3.878680
0.075478
3.602973
0.070325
3.785919
0.066460
3.646777
0.045846
3.850336
0.067748
3.615857
0.060018
3.856778
0.069036
3.596532
0.063883
3.648066
0.067748
3.632605
0.065171
3.724078
0.056153
3.590090
0.058729
3.814262
0.061306
3.736962
0.049711
3.878680
0.058729
3.769170
0.058729
3.867085
0.056153
3.650642
0.062594
3.869661
0.057441
3.800091
0.056153
3.662237
0.053576
3.736962
0.052288
3.828434
0.049711
3.623587
0.054864
3.825858
0.058729
3.742115
0.052288
3.666103
0.049711
3.797514
0.043269
3.729232
0.043269
3.825858
0.049711
3.754999
0.044558
3.713771
0.043269
3.767882
0.048423
3.659661
0.047134
3.704753
0.052288
3.604262
0.049711
3.776900
0.045846
3.730520
0.048423
3.730520
0.053576
3.738250
0.045846
3.608127
0.043269
3.626164
0.038116
3.778189
0.041981
3.870950
0.039404
3.673833
0.048423
3.821993
0.035539
3.747268
0.040693
3.846471
0.043269
3.747268
0.041981
3.649354
0.043269
3.591378
0.035539
3.823281
0.034251
3.751133
0.034251
3.591378
0.039404
3.596532
0.039404
3.632605
0.036828
3.713771
0.036828
3.823281
0.032962
3.721501
0.036828
3.879968
0.036828
3.676409
0.035539
3.834876
0.035539
3.856778
0.038116
3.861931
0.040693
3.636471
0.034251
3.850336
0.027809
3.631317
0.034251
3.796226
0.032962
3.764017
0.031674
3.680274
0.035539
3.599108
0.031674
3.730520
0.027809
3.845183
0.034251
3.846471
0.029097
3.639047
0.027809
3.779477
0.031674
3.694446
0.025232
3.798802
0.029097
3.600397
0.031674
3.676409
0.027809
3.785919
0.031674
3.854201
0.032962
3.610704
0.031674
3.682851
0.029097
3.608127
0.027809
3.698311
0.029097
3.651931
0.029097
3.860643
0.029097
3.597820
0.029097
3.689293
0.026521
3.843894
0.027809
3.735673
0.030386
3.654507
0.027809
3.618434
0.029097
3.811686
0.022656
3.700888
0.027809
3.590090
0.022656
3.850336
0.025232
3.838741
0.023944
3.703465
0.023944
3.824569
0.021367
3.600397
0.023944
3.636471
0.023944
3.684139
0.023944
3.704753
0.025232
3.807821
0.021367
3.816839
0.022656
3.827146
0.025232
3.796226
0.020079
3.773035
0.038116
3.757575
0.025232
3.803956
0.013637
3.805244
0.022656
3.811686
0.017502
3.807821
0.025232
3.807821
0.018791
3.765305
0.026521
3.640336
0.021367
3.798802
0.017502
3.751133
0.020079
3.787207
0.025232
3.796226
-0.005688
3.797514
0.013637
3.806532
0.017502
3.758864
0.014926
3.698311
0.014926
3.730520
0.013637
3.758864
0.014926
3.762729
0.013637
3.785919
0.011061
3.778189
0.011061
3.785919
0.016214
3.779477
0.013637
3.776900
0.011061
3.729232
0.009772
3.637759
0.013637
3.623587
0.012349
3.622299
0.012349
3.818128
0.011061
3.660949
0.009772
3.614569
0.013637
3.773035
0.009772
3.751133
0.007196
3.762729
0.013637
3.767882
0.005907
3.623587
0.009772
3.758864
0.012349
3.596532
0.013637
3.776900
0.011061
3.764017
0.012349
3.669968
0.013637
3.663526
0.013637
3.615857
0.020079
3.709906
0.011061
3.618434
0.011061
3.632605
0.009772
3.599108
0.012349
3.742115
0.011061
3.752422
0.016214
3.666103
0.014926
3.749845
0.011061
3.682851
0.020079
3.691869
0.021367
3.767882
0.016214
3.644201
0.011061
3.747268
0.013637
3.753710
0.011061
3.645489
0.008484
3.658372
0.011061
3.615857
0.008484
3.743403
0.012349
3.751133
0.011061
3.754999
0.012349
3.742115
0.011061
3.735673
0.013637
3.599108
0.012349
3.715060
0.009772
3.744692
0.007196
3.731808
0.014926
3.631317
0.009772
3.724078
0.007196
3.709906
0.007196
3.708618
0.013637
3.669968
0.012349
3.733097
0.017502
3.724078
0.013637
3.703465
0.012349
3.726655
0.011061
3.706041
0.012349
3.691869
0.011061
3.648066
0.011061
3.689293
0.007196
3.588802
0.011061
3.721501
0.009772
3.600397
0.012349
3.637759
0.009772
3.725367
0.009772
3.715060
0.011061
3.735673
0.008484
3.725367
0.014926
3.636471
0.009772
3.722790
0.011061
3.730520
0.005907
3.592667
0.014926
3.717636
0.011061
3.704753
0.007196
3.623587
0.013637
3.726655
0.012349
3.720213
0.011061
3.713771
-0.001823
3.689293
0.012349
3.730520
0.011061
3.645489
0.009772
3.738250
0.009772
3.669968
0.011061
3.709906
0.011061
3.725367
0.013637
3.663526
0.013637
3.731808
0.012349
3.626164
0.012349
3.727943
0.013637
3.708618
0.014926
3.649354
0.011061
3.610704
0.014926
3.621010
0.016214
3.720213
0.008484
3.722790
0.008484
3.725367
0.009772
3.726655
0.012349
3.698311
0.011061
3.721501
0.013637
3.733097
0.009772
3.721501
0.012349
3.639047
0.012349
3.734385
0.011061
3.672544
0.008484
3.617145
0.008484
3.731808
0.012349
3.722790
0.014926
3.610704
0.011061
3.590090
0.007196
3.726655
0.007196
3.730520
0.007196
3.725367
0.008484
3.611992
0.009772
3.618434
0.008484
3.726655
0.009772
3.729232
-0.006976
3.735673
0.009772
3.743403
0.011061
3.733097
0.008484
3.735673
0.012349
3.725367
0.013637
3.633894
0.020079
3.738250
0.012349
3.699600
0.005907
3.586225
0.009772
3.703465
0.011061
3.722790
0.012349
3.675121
0.017502
3.720213
0.008484
3.733097
0.011061
3.724078
0.011061
3.707330
0.004619
3.717636
0.011061
3.726655
0.012349
3.633894
0.011061
3.706041
0.013637
3.630029
0.009772
3.636471
0.007196
3.730520
0.023944
3.733097
0.009772
3.605550
0.014926
3.720213
0.007196
3.686716
0.016214
3.739538
0.009772
3.740827
0.012349
3.735673
0.014926
3.680274
0.011061
3.716348
0.007196
3.726655
0.008484
3.596532
0.012349
3.726655
0.008484
3.793649
0.012349
3.718925
0.009772
3.745980
0.009772
3.744692
0.012349
3.715060
0.014926
3.619722
0.007196
3.749845
0.012349
3.752422
0.011061
3.747268
0.007196
3.738250
0.009772
3.689293
0.008484
3.689293
0.007196
3.787207
0.016214
3.762729
0.017502
3.748557
0.012349
3.644201
0.013637
3.753710
0.011061
3.761440
0.009772
3.657084
0.013637
3.630029
0.013637
3.780765
0.011061
3.711195
0.013637
3.628740
0.016214
3.632605
0.009772
3.626164
0.008484
3.715060
0.014926
3.749845
0.012349
3.749845
0.009772
3.724078
0.011061
3.727943
0.012349
3.743403
0.014926
3.774324
0.013637
3.778189
0.012349
3.596532
0.008484
3.792361
0.011061
3.762729
0.012349
3.784630
0.012349
3.778189
0.012349
3.678986
0.011061
3.778189
0.012349
3.785919
0.013637
3.730520
0.013637
3.608127
0.013637
3.792361
0.013637
3.681563
0.016214
3.615857
0.013637
3.842606
0.020079
3.776900
0.012349
3.797514
0.018791
3.593955
0.017502
3.658372
0.017502
3.785919
0.021367
3.713771
0.022656
3.794937
0.021367
3.610704
0.016214
3.606839
0.021367
3.671256
0.014926
3.800091
0.022656
3.640336
0.018791
3.819416
0.021367
3.812974
0.021367
3.805244
0.020079
3.595243
0.020079
3.691869
0.022656
3.780765
0.025232
3.831011
0.022656
3.671256
0.020079
3.707330
0.023944
3.816839
0.032962
3.623587
0.022656
3.653219
0.020079
3.653219
0.023944
3.810397
0.031674
3.812974
0.021367
3.708618
0.023944
3.753710
0.018791
3.771747
0.022656
3.738250
0.022656
3.767882
0.018791
3.693158
0.025232
3.806532
0.022656
3.765305
0.029097
3.841318
0.030386
3.611992
0.026521
3.760152
0.026521
3.613280
0.022656
3.840029
0.021367
3.787207
0.026521
3.717636
0.016214
3.842606
0.026521
3.724078
0.023944
3.794937
0.022656
3.593955
0.034251
3.792361
0.030386
3.850336
0.026521
3.688004
0.029097
3.791072
0.025232
3.618434
0.023944
3.859355
0.029097
3.655796
0.025232
3.752422
0.027809
3.800091
0.026521
3.834876
0.026521
3.685428
0.018791
3.626164
0.029097
3.691869
0.030386
3.706041
0.025232
3.702176
0.029097
3.669968
0.029097
3.726655
0.029097
3.819416
0.026521
3.873526
0.030386
3.770459
0.034251
3.883833
0.031674
3.727943
0.031674
3.682851
0.029097
3.749845
0.031674
3.854201
0.029097
3.711195
0.029097
3.736962
0.032962
3.649354
0.034251
3.682851
0.027809
3.740827
0.034251
3.712483
0.032962
3.717636
0.035539
3.699600
0.027809
3.816839
0.032962
3.769170
0.036828
3.747268
0.038116
3.600397
0.034251
3.849048
0.032962
3.765305
0.034251
3.770459
0.035539
3.770459
0.039404
3.617145
0.035539
3.601685
0.035539
3.624875
0.045846
3.870950
0.035539
3.736962
0.036828
3.688004
0.038116
3.779477
0.044558
3.646777
0.041981
3.709906
0.040693
3.761440
0.041981
3.631317
0.036828
3.599108
0.039404
3.615857
0.043269
3.843894
0.040693
3.836164
0.044558
3.591378
0.039404
3.793649
0.035539
3.623587
0.039404
3.882545
0.044558
3.600397
0.041981
3.720213
0.044558
3.803956
0.044558
3.837453
0.045846
3.836164
0.048423
3.892852
0.048423
3.854201
0.049711
3.874815
0.052288
3.845183
0.057441
3.704753
0.053576
3.672544
0.049711
3.654507
0.052288
3.609415
0.048423
3.609415
0.050999
3.619722
0.053576
3.690581
0.047134
3.843894
0.047134
3.740827
0.053576
3.748557
0.049711
3.867085
0.056153
3.876103
0.056153
3.891563
0.049711
3.617145
0.052288
3.667391
0.057441
3.681563
0.053576
3.613280
0.056153
3.877392
0.060018
3.837453
0.061306
3.744692
0.062594
3.609415
0.062594
3.691869
0.057441
3.602973
0.061306
3.646777
0.061306
3.700888
0.063883
3.691869
0.066460
3.691869
0.061306
3.868373
0.069036
3.655796
0.076766
3.876103
0.080631
3.597820
0.076766
3.773035
0.081920
3.642912
0.069036
3.682851
0.067748
3.758864
0.070325
3.733097
0.067748
3.658372
0.084496
3.789784
0.071613
3.779477
0.074190
3.780765
0.067748
3.877392
0.076766
3.757575
0.083208
3.874815
0.092226
3.707330
0.090938
3.613280
0.081920
3.713771
0.084496
3.686716
0.102533
3.631317
0.098668
3.878680
0.096092
3.816839
0.098668
3.770459
0.097380
3.713771
0.102533
3.668679
0.089650
3.662237
0.102533
3.686716
0.183699
3.776900
0.110263
3.617145
0.187564
3.810397
0.136030
3.859355
0.096092
3.671256
0.097380
3.825858
0.116705
3.882545
0.147625
3.655796
0.106398
3.811686
0.155356
3.797514
0.166951
3.595243
0.217196
3.569476
0.150202
3.677698
0.218485
3.798802
0.195294
3.833588
0.184988
3.827146
0.240386
3.715060
0.201736
3.671256
0.251982
3.593955
0.259712
3.812974
0.272595
3.821993
0.262288
3.885122
0.227503
3.849048
0.222350
3.648066
0.291920
3.733097
0.271307
3.776900
0.285479
3.734385
0.255847
3.556593
0.264865
3.761440
0.270018
3.882545
0.334436
3.642912
0.371798
3.872238
0.365356
3.776900
0.333147
3.796226
0.358914
3.863220
0.360203
3.610704
0.367933
3.717636
0.351184
3.820704
0.379528
3.582360
0.340878
3.863220
0.358914
3.707330
0.405295
3.753710
0.441369
3.673833
0.437504
3.711195
0.467136
3.787207
0.463271
3.861931
0.465847
3.663526
0.459406
3.845183
0.407872
3.742115
0.428485
3.644201
0.471001
3.731808
0.552167
3.765305
0.611431
3.631317
0.562473
3.601685
0.544436
3.680274
0.492903
3.614569
0.487749
3.613280
0.478731
3.894140
0.517381
3.644201
0.523823
3.739538
0.576645
3.833588
0.615296
3.858066
0.619161
3.864508
0.639774
3.869661
0.604989
3.842606
0.623026
3.831011
0.632044
3.833588
0.671983
3.849048
0.648793
3.743403
0.648793
3.570765
0.595970
3.734385
0.641063
3.767882
0.610142
3.833588
0.675848
3.791072
0.688731
3.766594
0.635909
3.709906
0.701615
3.776900
0.693885
3.743403
0.704192
3.789784
0.733824
3.602973
0.786646
3.792361
0.759590
3.796226
0.766032
3.658372
0.670695
3.709906
0.719652
3.695735
0.720940
3.676409
0.711922
3.637759
0.744130
3.671256
0.776339
3.727943
0.771186
3.591378
0.821431
3.734385
0.807259
3.535979
0.870388
3.764017
0.863947
3.651931
0.869100
3.664814
0.910327
3.691869
0.897444
3.730520
0.919346
3.697023
0.937382
3.697023
0.945113
3.668679
0.893579
3.617145
0.852352
3.657084
0.937382
3.655796
0.947689
3.570765
0.929652
3.563035
0.937382
3.624875
1.009530
3.637759
0.968303
3.595243
0.930941
3.505059
0.957996
3.577207
1.001800
3.541133
0.972168
3.448372
1.009530
3.430335
0.977321
3.405856
0.959284
3.362053
1.005665
3.498617
1.043027
3.510212
1.049469
3.435488
1.068794
3.443218
1.050757
3.468985
1.117751
3.440642
1.121616
3.405856
1.140941
3.394261
1.095849
3.383954
1.112598
3.353034
1.129346
3.380089
1.144806
3.322114
1.147383
3.324690
1.193764
3.349169
1.195052
3.300212
1.171862
3.275733
1.161555
3.265426
1.180880
3.244813
1.177015
3.239659
1.202782
3.217758
1.218242
3.261561
1.277506
3.258985
1.304562
3.229353
1.289101
3.198432
1.274930
3.204874
1.301985
3.164935
1.291678
3.182972
1.322598
3.158494
1.312292
3.135303
1.318733
3.118555
1.303273
3.094076
1.329040
3.103095
1.339347
3.088923
1.335482
3.069598
1.388304
3.109536
1.412783
3.073463
1.358672
3.033524
1.425666
3.056714
1.461740
3.056714
1.447568
3.019352
1.412783
2.976837
1.390881
2.956223
1.381862
2.924014
1.403764
2.963953
1.448856
2.970395
1.483642
2.926591
1.463028
2.917573
1.434685
2.872480
1.466893
2.899536
1.472047
2.876345
1.483642
2.877634
1.502967
2.894382
1.540329
2.885364
1.550636
2.893094
1.597016
2.826100
1.540329
2.802910
1.509409
2.768124
1.524869
2.805486
1.611188
2.792603
1.593151
2.787450
1.621495
2.791315
1.621495
2.770701
1.625360
2.716590
1.612477
2.723032
1.616342
2.688247
1.636955
2.711437
1.636955
2.670210
1.656280
2.670210
1.657569
2.644443
1.612477
2.628983
1.676894
2.645731
1.666587
2.636713
1.705238
2.625118
1.701373
2.609658
1.683336
2.561989
1.710391
2.561989
1.705238
2.565854
1.716833
2.537510
1.728428
2.525915
1.746465
2.513031
1.758060
2.541375
1.790269
2.528492
1.795422
2.506590
1.790269
2.473093
1.794134
2.428001
1.760637
2.413829
1.769655
2.397080
1.785115
2.426712
1.819901
2.385485
1.807017
2.409964
1.850821
2.342970
1.785115
2.292724
1.787692
2.330086
1.835361
2.323644
1.872723
2.326221
1.870146
2.321068
1.913950
2.342970
1.968060
2.312049
1.926833
2.294012
1.939717
2.266957
1.924257
2.237325
1.907508
2.196098
1.868858
2.179349
1.907508
2.141987
1.877876
2.120085
1.920392
2.143276
1.941005
2.153583
1.980944
2.144564
1.955177
2.113644
1.979656
2.132969
2.055668
2.153583
2.058245
2.129104
2.032478
2.081435
2.029901
2.077570
2.004134
2.019594
1.988674
1.992539
1.998981
1.996404
2.042785
2.019594
2.078858
2.010576
2.117509
2.002846
2.087877
1.977079
2.113644
1.962907
2.102049
1.938428
2.123951
1.953889
2.130392
1.951312
2.162601
1.959042
2.174196
1.898490
2.130392
1.875299
2.107202
1.844379
2.121374
1.816035
2.118797
1.843091
2.121374
1.803152
2.141987
1.832784
2.154871
1.813459
2.172908
1.785115
2.197386
1.809594
2.181926
1.788980
2.194810
1.776097
2.178061
1.763213
2.225730
1.737446
2.251497
1.763213
2.229595
1.737446
2.233460
1.723274
2.250209
1.710391
2.241190
1.700084
2.254074
1.692354
2.243767
1.667876
2.270822
1.694931
2.260515
1.656280
2.291436
1.622783
2.299166
1.647262
2.275976
1.608612
2.284994
1.600881
2.308184
1.611188
2.312049
1.587998
2.331374
1.563519
2.308184
1.572538
2.364872
1.569961
2.331374
1.548059
2.357141
1.526157
2.345546
1.521004
2.363583
1.513274
2.349411
1.499102
2.409964
1.524869
2.421559
1.504255
2.439596
1.513274
2.448614
1.481065
2.433154
1.466893
2.425424
1.443703
2.415117
1.394746
2.386773
1.377997
2.377755
1.362537
2.409964
1.385727
2.430577
1.412783
2.489841
1.376709
2.460209
1.354807
2.430577
1.335482
2.460209
1.322598
2.453767
1.312292
2.493706
1.323887
2.511743
1.316157
2.541375
1.314868
2.536222
1.300696
2.545240
1.303273
2.550394
1.260758
2.546529
1.265911
2.531068
1.240144
2.527203
1.215666
2.538798
1.224684
2.558124
1.200205
2.536222
1.207935
2.555547
1.179592
2.568430
1.169285
2.603216
1.184745
2.598062
1.151248
2.604504
1.156402
2.600639
1.143518
2.627694
1.135788
2.608369
1.122905
2.628983
1.146095
2.640578
1.120328
2.658615
1.131923
2.634136
1.081677
2.638001
1.066217
2.644443
1.037874
2.635425
1.041739
2.636713
1.063641
2.648308
1.024990
2.659903
1.037874
2.710149
1.018548
2.689535
0.990205
2.692112
0.997935
2.710149
0.981186
2.699842
0.972168
2.702419
0.964438
2.732051
0.964438
2.741069
0.963149
2.748799
0.968303
2.769413
0.963149
2.748799
0.907750
2.728186
0.915481
2.743646
0.924499
2.760394
0.928364
2.759106
0.911616
2.766836
0.892290
2.778431
0.874253
2.747511
0.869100
2.810640
0.891002
2.820947
0.876830
2.788738
0.847198
2.796468
0.849775
2.802910
0.831738
2.828677
0.836891
2.835118
0.834315
2.800333
0.821431
2.801621
0.786646
2.810640
0.798241
2.815793
0.796953
2.820947
0.777627
2.864750
0.812413
2.854444
0.798241
2.872480
0.769897
2.873769
0.766032
2.871192
0.746707
2.887941
0.766032
2.890517
0.741554
2.893094
0.755725
2.902112
0.742842
2.894382
0.715787
2.873769
0.711922
2.898247
0.710633
2.921438
0.701615
2.900824
0.684866
2.907266
0.675848
2.925303
0.677136
2.949781
0.695173
2.942051
0.687443
2.975548
0.679713
2.983278
0.669406
2.945916
0.646216
2.948493
0.619161
2.916284
0.626891
2.921438
0.602412
2.911131
0.597259
2.936898
0.602412
2.967818
0.607565
2.963953
0.598547
2.965241
0.599835
2.984567
0.598547
2.991008
0.581799
2.996162
0.574068
2.991008
0.598547
3.019352
0.576645
2.985855
0.540571
2.983278
0.537995
2.974260
0.544436
3.006469
0.562473
3.021929
0.544436
3.009045
0.544436
3.025794
0.541860
3.058002
0.572780
3.052849
0.540571
3.039966
0.516093
3.020640
0.490326
3.021929
0.504498
3.045119
0.501921
3.036101
0.498056
3.068309
0.500633
3.061868
0.492903
3.054137
0.467136
3.055426
0.499344
3.067021
0.472289
3.076039
0.468424
3.085058
0.472289
3.096653
0.458117
3.073463
0.434927
3.085058
0.440080
3.095365
0.442657
3.090211
0.425908
3.077328
0.416890
3.094076
0.425908
3.078616
0.397565
3.087634
0.405295
3.119843
0.422043
3.134015
0.404007
3.141745
0.422043
3.153340
0.404007
3.155917
0.391123
3.119843
0.374375
3.106960
0.349896
3.113401
0.365356
3.114690
0.349896
3.131438
0.358914
3.153340
0.360203
3.166224
0.370510
3.173954
0.352473
3.158494
0.346031
3.150764
0.352473
3.170089
0.343454
3.179107
0.338301
3.202297
0.351184
3.193279
0.318976
3.173954
0.308669
3.175242
0.330571
3.198432
0.308669
3.179107
0.286767
3.170089
0.313822
3.195856
0.281614
3.190702
0.302227
3.190702
0.293209
3.204874
0.300939
3.210027
0.275172
3.217758
0.276460
3.224199
0.284190
3.239659
0.262288
3.229353
0.257135
3.239659
0.273883
3.235794
0.268730
3.219046
0.255847
3.208739
0.231368
3.249966
0.246828
3.244813
0.242963
3.262850
0.237810
3.249966
0.226215
3.258985
0.228791
3.265426
0.219773
3.261561
0.221061
3.257696
0.219773
3.264138
0.232656
3.278310
0.230080
3.307942
0.227503
3.284752
0.213331
3.293770
0.196583
3.275733
0.178546
3.247390
0.196583
3.275733
0.204313
3.270580
0.190141
3.284752
0.191429
3.284752
0.188853
3.296347
0.191429
3.295058
0.187564
3.296347
0.168239
3.301500
0.163086
3.319537
0.168239
3.309230
0.159221
3.309230
0.161797
3.301500
0.164374
3.305365
0.151490
3.322114
0.168239
3.346592
0.155356
3.341439
0.154067
3.320825
0.145049
3.332421
0.129589
3.336286
0.138607
3.341439
0.123147
3.332421
0.166951
3.334997
0.139895
3.347881
0.132165
3.338862
0.093515
3.355611
0.138607
3.355611
0.127012
3.359476
0.134742
3.347881
0.121858
3.350457
0.133454
3.374936
0.133454
3.383954
0.128300
3.369783
0.112840
3.373648
0.124435
3.365918
0.112840
3.354322
0.098668
3.376224
0.093515
3.378801
0.115417
3.377513
0.102533
3.378801
0.098668
3.367206
0.092226
3.359476
0.070325
3.371071
0.079343
3.404568
0.115417
3.403280
0.078055
3.400703
0.093515
3.385243
0.079343
3.400703
0.090938
3.385243
0.087073
3.394261
0.080631
3.401991
0.080631
3.391685
0.075478
3.427758
0.081920
3.405856
0.062594
3.392973
0.058729
3.403280
0.079343
3.411010
0.081920
3.411010
0.041981
3.400703
0.027809
3.399415
0.041981
3.432912
0.066460
3.427758
0.045846
3.405856
0.052288
3.431623
0.041981
3.422605
0.049711
3.441930
0.043269
3.435488
0.052288
3.440642
0.030386
3.453525
0.040693
3.438065
0.027809
3.456102
0.025232
3.439353
0.020079
3.462544
0.036828
3.443218
0.039404
3.457390
0.020079
3.447083
-0.000535
3.461255
0.000754
3.445795
-0.000535
3.449660
0.008484
3.484446
0.021367
3.470274
0.000754
3.489599
0.009772
3.474139
0.000754
3.488311
0.003331
3.480580
0.002042
3.494752
-0.001823
3.480580
0.003331
3.472850
-0.003111
3.472850
0.005907
3.489599
0.000754
3.493464
0.002042
3.476715
-0.003111
3.503771
0.004619
3.505059
0.000754
3.506347
0.003331
3.498617
0.003331
3.497329
0.004619
3.516654
0.005907
3.480580
0.005907
3.501194
0.003331
3.505059
0.000754
3.512789
0.009772
3.507636
0.004619
3.510212
0.014926
3.523096
0.003331
3.519231
-0.025013
3.541133
0.005907
3.526961
0.007196
3.525673
0.003331
3.538556
0.008484
3.537268
-0.006976
3.543710
0.004619
3.534691
-0.026301
3.541133
0.003331
3.535979
0.004619
3.535979
-0.005688
3.532114
-0.001823
3.529538
-0.000535
3.528249
0.000754
3.542421
0.005907
3.543710
0.007196
3.543710
0.004619
3.543710
0.003331
3.561746
0.004619
3.535979
0.002042
3.557881
0.000754
3.533403
0.000754
3.537268
0.003331
3.563035
0.005907
3.559170
0.003331
3.577207
0.002042
3.557881
0.005907
3.570765
-0.003111
3.547575
-0.009553
3.564323
0.003331
3.569476
0.004619
3.570765
0.008484
3.555305
-0.001823
3.581072
0.005907
3.568188
0.029097
3.563035
0.007196
3.584937
0.002042
3.583648
0.000754
3.592667
0.009772
3.608127
0.005907
3.604262
0.003331
3.602973
0.009772
3.606839
0.002042
3.588802
0.007196
3.586225
0.005907
3.564323
0.003331
3.581072
0.007196
3.582360
0.002042
3.611992
0.005907
3.593955
0.005907
3.608127
0.003331
3.596532
0.004619
3.595243
0.004619
3.611992
0.003331
3.617145
0.005907
3.617145
0.007196
3.618434
0.009772
3.619722
0.000754
3.599108
0.007196
3.613280
0.000754
3.595243
0.004619
3.608127
0.009772
3.610704
0.000754
3.622299
0.002042
3.613280
0.004619
3.614569
0.007196
3.609415
0.004619
3.608127
0.008484
3.624875
0.007196
3.610704
0.011061
3.624875
0.004619
3.628740
0.007196
3.622299
0.003331
3.619722
0.005907
3.613280
0.004619
3.588802
0.005907
3.619722
0.000754
3.592667
0.005907
3.614569
0.004619
3.609415
0.012349
3.615857
0.003331
3.633894
0.007196
3.597820
0.007196
3.615857
0.007196
3.624875
-0.000535
3.623587
0.003331
3.610704
0.005907
3.617145
0.004619
3.623587
0.011061
3.608127
0.007196
3.623587
0.005907
3.640336
0.007196
3.596532
0.004619
3.628740
-0.004400
3.648066
0.007196
3.632605
0.007196
3.632605
0.008484
3.641624
-0.013418
3.632605
0.004619
3.613280
0.018791
3.621010
0.002042
3.621010
0.005907
3.622299
0.004619
3.600397
0.005907
3.610704
0.005907
3.645489
0.007196
3.591378
0.004619
3.639047
0.008484
3.641624
0.007196
3.632605
0.004619
3.628740
0.005907
3.645489
0.007196
3.636471
0.008484
3.630029
0.018791
3.650642
0.007196
3.639047
0.005907
3.650642
0.008484
3.613280
0.008484
3.691869
0.004619
3.644201
0.007196
3.605550
0.007196
3.633894
0.004619
3.654507
0.016214
3.658372
0.007196
3.651931
0.009772
3.630029
0.007196
3.640336
0.005907
3.653219
0.004619
3.651931
0.016214
3.636471
0.002042
3.635182
0.007196
3.635182
0.009772
3.641624
0.009772
3.645489
0.007196
3.641624
0.004619
3.624875
0.005907
3.632605
0.008484
3.630029
0.002042
3.666103
0.008484
3.649354
0.012349
3.588802
0.004619
3.636471
0.007196
3.626164
0.002042
3.628740
0.007196
3.655796
0.008484
3.611992
0.012349
3.644201
0.008484
3.651931
0.011061
3.621010
0.007196
3.615857
0.005907
3.653219
0.005907
3.650642
0.009772
3.654507
0.004619
3.636471
0.003331
3.662237
0.005907
3.663526
0.005907
3.650642
0.008484
3.604262
0.004619
3.627452
0.005907
3.639047
0.002042
3.630029
0.013637
3.650642
0.005907
3.663526
0.008484
3.664814
0.005907
3.676409
0.007196
3.658372
0.003331
3.667391
0.009772
3.653219
0.011061
3.651931
0.009772
3.660949
0.004619
3.657084
0.003331
3.659661
0.004619
3.646777
0.008484
3.645489
0.007196
3.636471
0.004619
3.599108
0.008484
3.653219
0.005907
3.635182
0.008484
3.653219
0.008484
3.681563
0.004619
3.637759
0.005907
3.648066
0.008484
3.651931
0.002042
3.636471
0.003331
3.636471
0.005907
3.640336
0.005907
3.631317
0.007196
3.646777
0.008484
3.646777
0.008484
3.632605
0.007196
3.622299
0.005907
3.631317
0.004619
3.617145
0.008484
3.623587
0.007196
3.617145
0.007196
3.654507
0.007196
3.632605
0.011061
3.604262
0.004619
3.659661
0.008484
3.648066
0.011061
3.640336
0.000754
3.636471
0.025232
3.676409
0.005907
3.649354
0.004619
3.601685
0.004619
3.633894
0.008484
3.640336
0.004619
3.642912
0.008484
3.646777
0.004619
3.650642
0.008484
3.650642
0.005907
3.601685
0.007196
3.649354
0.007196
3.659661
0.005907
3.655796
0.008484
3.651931
0.007196
3.649354
0.004619
3.633894
0.004619
3.677698
0.011061
3.654507
0.011061
3.602973
0.005907
3.658372
0.005907
3.657084
0.008484
3.649354
0.004619
3.658372
0.005907
3.637759
0.004619
3.637759
0.002042
3.642912
0.008484
3.645489
0.002042
3.648066
0.005907
3.660949
0.004619
3.655796
0.005907
3.645489
0.005907
3.635182
0.000754
3.588802
0.004619
3.649354
0.000754
3.664814
0.003331
3.663526
0.008484
3.655796
0.005907
3.636471
0.004619
3.640336
0.005907
3.655796
0.005907
3.662237
0.022656
3.668679
0.008484
3.678986
0.007196
3.642912
0.009772
3.673833
-0.000535
3.667391
0.005907
3.657084
0.012349
3.658372
0.008484
3.662237
0.009772
3.659661
0.009772
3.657084
0.012349
3.646777
0.005907
3.654507
0.004619
3.593955
0.017502
3.644201
0.007196
3.654507
0.003331
3.673833
0.005907
3.673833
0.009772
3.675121
0.011061
3.621010
0.004619
3.673833
0.004619
3.654507
0.005907
3.659661
0.004619
3.662237
0.008484
3.651931
0.004619
3.671256
0.009772
3.673833
0.000754
3.591378
0.009772
3.668679
0.007196
3.651931
0.004619
3.628740
0.005907
3.675121
0.009772
3.655796
0.004619
3.654507
0.025232
3.653219
0.004619
3.664814
0.002042
3.663526
0.007196
3.662237
0.007196
3.669968
0.004619
3.717636
0.003331
3.651931
0.005907
3.672544
0.007196
3.663526
0.004619
3.668679
0.007196
3.659661
0.011061
3.666103
0.004619
3.630029
0.004619
3.660949
0.007196
3.664814
0.009772
3.672544
0.012349
3.671256
0.005907
3.668679
0.004619
3.664814
0.003331
3.664814
0.005907
3.641624
0.002042
3.651931
0.007196
3.660949
0.007196
3.667391
0.007196
3.660949
0.008484
3.624875
0.005907
3.644201
0.005907
3.655796
0.005907
3.663526
0.012349
3.659661
0.007196
3.617145
0.007196
3.650642
0.005907
3.666103
0.002042
3.655796
0.005907
3.637759
0.005907
3.666103
0.008484
3.673833
0.012349
3.671256
0.000754
3.640336
0.016214
3.663526
0.004619
3.626164
0.004619
3.666103
0.011061
3.654507
0.003331
3.624875
0.007196
3.668679
0.008484
3.666103
0.011061
3.668679
0.007196
3.669968
0.007196
3.663526
0.005907
3.655796
-0.003111
3.662237
0.009772
3.660949
0.003331
3.657084
0.007196
3.630029
0.007196
3.697023
0.004619
3.666103
0.007196
3.667391
0.007196
3.654507
0.005907
3.667391
0.008484
3.673833
0.014926
3.596532
-0.022436
3.666103
0.002042
3.667391
0.004619
3.668679
0.005907
3.618434
0.005907
3.655796
0.009772
3.642912
0.008484
3.660949
0.007196
3.658372
0.007196
3.645489
0.009772
3.608127
0.005907
3.660949
0.007196
3.671256
0.007196
3.684139
0.009772
3.675121
0.009772
3.633894
0.003331
3.662237
0.003331
3.660949
-0.017283
3.677698
0.003331
3.597820
0.007196
3.658372
0.007196
3.659661
0.004619
3.642912
0.007196
3.666103
0.008484
3.628740
0.007196
3.666103
0.007196
3.667391
0.007196
3.673833
0.011061
3.669968
0.007196
3.658372
0.008484
3.671256
0.007196
3.653219
0.000754
3.591378
0.009772
3.628740
0.007196
3.657084
0.011061
3.660949
0.005907
3.660949
0.008484
3.651931
0.011061
3.662237
0.008484
3.619722
0.008484
3.662237
0.007196
3.588802
0.002042
3.651931
0.005907
3.641624
0.016214
3.637759
0.007196
3.667391
0.007196
3.644201
0.014926
3.636471
0.005907
3.639047
0.005907
3.644201
0.007196
3.657084
0.005907
3.654507
0.007196
3.642912
0.003331
3.657084
0.009772
3.613280
0.003331
3.654507
-0.000535
3.653219
0.012349
3.641624
-0.000535
3.648066
0.005907
3.644201
0.012349
3.648066
0.002042
3.636471
0.005907
3.613280
0.008484
3.658372
0.003331
3.599108
0.009772
3.645489
0.005907
3.599108
0.013637
3.640336
0.004619
3.630029
-0.001823
3.610704
0.007196
3.648066
0.007196
3.604262
0.007196
3.632605
0.005907
3.622299
0.009772
3.621010
0.003331
3.626164
0.003331
3.622299
0.002042
3.606839
0.008484
3.644201
0.002042
3.619722
0.007196
3.635182
0.003331
3.627452
0.008484
3.644201
0.003331
3.619722
0.021367
3.632605
0.009772
3.633894
0.009772
3.630029
0.005907
3.618434
0.005907
3.627452
0.007196
3.621010
0.004619
3.614569
0.003331
3.600397
0.005907
3.609415
0.007196
3.601685
0.014926
3.591378
0.004619
3.621010
0.009772
3.623587
0.002042
3.621010
0.008484
3.604262
0.008484
3.596532
0.005907
3.592667
0.007196
3.639047
0.002042
3.613280
0.004619
3.606839
0.005907
3.600397
0.005907
3.610704
0.002042
3.606839
0.003331
3.575918
0.009772
3.604262
0.009772
3.604262
-0.000535
3.604262
0.009772
3.613280
0.007196
3.604262
0.004619
3.600397
0.008484
3.615857
0.005907
3.618434
0.004619
3.622299
0.004619
3.605550
0.011061
3.609415
0.005907
3.611992
0.005907
3.608127
0.007196
3.602973
0.005907
3.599108
0.005907
3.597820
0.008484
3.604262
0.002042
3.588802
0.007196
3.602973
-0.004400
3.626164
0.000754
3.606839
0.003331
3.602973
0.008484
3.602973
0.005907
3.590090
0.002042
3.601685
0.005907
3.606839
0.002042
3.593955
0.004619
3.588802
0.007196
3.570765
0.004619
3.583648
-0.009553
3.591378
0.003331
3.572053
0.013637
3.574630
0.003331
3.590090
0.002042
3.584937
0.004619
3.581072
0.002042
3.568188
0.000754
3.584937
0.003331
3.577207
0.000754
3.569476
0.002042
3.579783
0.011061
3.579783
0.002042
3.582360
0.007196
3.574630
0.004619
3.570765
-0.003111
3.565611
0.003331
3.541133
0.005907
3.563035
0.018791
3.563035
0.003331
3.533403
-0.001823
3.556593
0.003331
3.560458
-0.027590
3.559170
-0.003111
3.538556
0.000754
3.551440
0.004619
3.574630
0.003331
3.566900
-0.004400
3.563035
0.005907
3.550151
0.002042
3.529538
0.000754
3.526961
0.000754
3.542421
-0.003111
3.544998
0.005907
3.542421
0.002042
3.519231
0.000754
3.524384
-0.010841
3.519231
0.004619
3.525673
-0.010841
3.510212
0.002042
3.519231
0.004619
3.524384
0.000754
3.523096
0.003331
3.516654
0.002042
3.493464
0.002042
3.499906
0.003331
3.505059
0.003331
3.496041
-0.000535
3.515366
-0.001823
3.512789
-0.001823
3.492176
0.000754
3.497329
0.000754
3.505059
0.000754
3.499906
0.007196
3.496041
-0.000535
3.498617
0.014926
3.479292
0.009772
3.506347
0.000754
3.493464
0.002042
3.505059
0.000754
3.498617
0.003331
3.479292
0.002042
3.475427
0.002042
3.483157
0.002042
3.488311
-0.001823
3.479292
0.002042
3.472850
0.005907
3.484446
-0.001823
3.478004
0.005907
3.470274
-0.004400
3.472850
0.003331
3.465120
0.004619
3.474139
0.002042
3.465120
0.007196
3.439353
0.013637
3.463832
0.011061
3.457390
0.030386
3.459967
0.038116
3.459967
0.020079
3.466409
0.025232
3.454814
0.030386
3.454814
0.018791
3.422605
0.038116
3.436777
0.030386
3.456102
0.026521
3.438065
0.043269
3.436777
0.027809
3.431623
0.057441
3.457390
0.060018
3.454814
0.045846
3.420028
0.043269
3.421316
0.044558
3.416163
0.044558
3.422605
0.069036
3.400703
0.071613
3.418740
0.066460
3.371071
0.050999
3.400703
0.070325
3.394261
0.066460
3.392973
0.074190
3.382666
0.090938
3.369783
0.083208
3.374936
0.093515
3.396838
0.119282
3.391685
0.111552
3.386531
0.101245
3.355611
0.084496
3.356899
0.088361
3.337574
0.102533
3.350457
0.092226
3.342727
0.137319
3.363341
0.136030
3.383954
0.156644
3.363341
0.137319
3.354322
0.137319
3.345304
0.143760
3.307942
0.133454
3.337574
0.157932
3.341439
0.160509
3.333709
0.190141
3.323402
0.186276
3.320825
0.181122
3.296347
0.178546
3.284752
0.166951
3.287328
0.178546
3.270580
0.178546
3.265426
0.195294
3.278310
0.187564
3.278310
0.197871
3.256408
0.201736
3.282175
0.208178
3.268003
0.213331
3.249966
0.214619
3.256408
0.226215
3.258985
0.226215
3.249966
0.241675
3.253831
0.245540
3.249966
0.241675
3.257696
0.249405
3.237083
0.246828
3.253831
0.267442
3.246101
0.255847
3.219046
0.258423
3.224199
0.282902
3.188126
0.267442
3.204874
0.262288
3.188126
0.286767
3.191991
0.311246
3.195856
0.312534
3.191991
0.311246
3.179107
0.295785
3.186837
0.333147
3.188126
0.340878
3.173954
0.334436
3.170089
0.342166
3.131438
0.340878
3.130150
0.374375
3.146898
0.360203
3.143033
0.373086
3.179107
0.413025
3.167512
0.407872
3.140457
0.406583
3.123708
0.414313
3.124997
0.419467
3.100518
0.433639
3.104383
0.450387
3.126285
0.469712
3.074751
0.447810
3.068309
0.459406
3.059291
0.490326
3.085058
0.496768
3.059291
0.501921
3.047696
0.513516
3.034812
0.494191
3.007757
0.518670
3.007757
0.517381
3.002604
0.532841
2.993585
0.572780
3.003892
0.576645
2.971683
0.584375
2.974260
0.559897
2.944628
0.589529
2.962665
0.599835
2.948493
0.628179
2.942051
0.634621
2.956223
0.642351
2.979413
0.666829
2.967818
0.671983
2.940763
0.671983
2.902112
0.674560
2.899536
0.709345
2.905977
0.729959
2.880211
0.708057
2.876345
0.714498
2.857020
0.723517
2.848002
0.762167
2.885364
0.780204
2.867327
0.759590
2.845425
0.784069
2.835118
0.790511
2.857020
0.803394
2.827388
0.817566
2.796468
0.824008
2.817082
0.848486
2.814505
0.860082
2.796468
0.875542
2.790026
0.880695
2.770701
0.870388
2.775854
0.918057
2.771989
0.914192
2.739781
0.905174
2.732051
0.911616
2.720455
0.955419
2.753952
0.956708
2.756529
0.979898
2.716590
0.959284
2.680517
0.988916
2.694688
1.026278
2.692112
1.048180
2.686958
1.050757
2.684382
1.052045
2.681805
1.073947
2.657326
1.068794
2.639290
1.098426
2.614811
1.075236
2.601927
1.108733
2.601927
1.134500
2.598062
1.147383
2.595486
1.186034
2.598062
1.158978
2.583891
1.177015
2.541375
1.171862
2.533645
1.182168
2.540087
1.251739
2.551682
1.280083
2.555547
1.289101
2.527203
1.290390
2.523338
1.330328
2.513031
1.330328
2.496283
1.334193
2.502725
1.365114
2.518185
1.384439
2.440884
1.376709
2.422847
1.396034
2.402234
1.399899
2.426712
1.429531
2.399657
1.402476
2.346835
1.447568
2.407387
1.509409
2.388062
1.506832
2.355853
1.515850
2.358430
1.509409
2.294012
1.533887
2.321068
1.573826
2.321068
1.597016
2.323644
1.587998
2.310761
1.620207
2.317203
1.669164
2.272110
1.654992
2.277264
1.683336
2.292724
1.721986
2.241190
1.729716
2.227018
1.710391
2.219288
1.723274
2.215423
1.737446
2.197386
1.795422
2.187080
1.804440
2.171619
1.813459
2.171619
1.818612
2.126527
1.844379
2.163889
1.883030
2.143276
1.928122
2.154871
1.925545
2.125239
1.903643
2.093030
1.933275
2.063398
1.948735
2.068552
1.983521
2.060822
2.002846
2.049226
2.013153
2.020883
2.006711
2.018306
2.042785
2.023459
2.063398
2.009288
2.103337
1.986097
2.113644
1.998981
2.163889
2.013153
2.171619
1.986097
2.203828
1.991251
2.221865
1.970637
2.247632
1.919103
2.234748
1.875299
2.230883
1.839226
2.239902
1.827631
2.261804
1.853398
2.282417
1.837937
2.304319
1.825054
2.348123
1.832784
2.404810
1.857263
2.430577
1.817324
2.439596
1.797999
2.438307
1.781250
2.456344
1.774808
2.498860
1.767078
2.510455
1.750330
2.549105
1.737446
2.546529
1.714256
2.555547
1.666587
2.561989
1.669164
2.591621
1.701373
2.672787
1.728428
2.688247
1.698796
2.680517
1.639532
2.667633
1.625360
2.723032
1.593151
2.688247
1.604746
2.756529
1.627937
2.761683
1.594440
2.755241
1.573826
2.784873
1.535176
2.788738
1.546771
2.823523
1.532599
2.846713
1.499102
2.881499
1.526157
2.882787
1.481065
2.891806
1.486219
2.933033
1.457875
2.943340
1.464317
2.945916
1.439838
3.001315
1.465605
2.979413
1.393457
2.951070
1.336770
2.970395
1.348365
3.016775
1.368979
3.072174
1.399899
3.068309
1.393457
3.113401
1.387016
3.126285
1.343212
3.114690
1.316157
3.136592
1.295543
3.110825
1.282660
3.159782
1.249163
3.144322
1.267199
3.237083
1.272353
3.225488
1.219531
3.228064
1.218242
3.217758
1.214377
3.253831
1.191187
3.289905
1.215666
3.310519
1.247874
3.365918
1.229837
3.309230
1.216954
3.368494
1.204070
3.248678
1.184745
3.351746
1.139653
3.362053
1.146095
3.445795
1.143518
3.418740
1.119039
3.190702
1.054622
3.401991
1.031432
3.422605
1.021125
3.470274
1.021125
3.476715
1.022413
3.476715
1.026278
3.512789
1.005665
3.450948
1.000511
3.456102
0.968303
3.529538
0.973456
3.561746
0.910327
3.578495
0.903885
3.641624
0.951554
3.586225
0.894867
3.579783
0.836891
3.550151
0.812413
3.659661
0.924499
3.654507
0.945113
3.769170
0.869100
3.586225
0.809836
3.706041
0.811124
3.749845
0.778916
3.641624
0.812413
3.730520
0.769897
3.610704
0.746707
3.658372
0.723517
3.691869
0.693885
3.695735
0.714498
3.689293
0.706768
3.845183
0.735112
3.610704
0.670695
3.762729
0.673271
3.758864
0.616584
3.711195
0.584375
3.655796
0.579222
3.575918
0.597259
3.771747
0.598547
3.883833
0.614007
3.742115
0.593394
3.597820
0.556032
3.856778
0.487749
3.751133
0.454252
3.756287
0.425908
3.711195
0.425908
3.533403
0.413025
3.753710
0.458117
3.657084
0.376951
3.671256
0.422043
3.739538
0.353761
3.614569
0.313822
3.775612
0.422043
3.606839
0.374375
3.829723
0.337013
3.566900
0.330571
3.754999
0.340878
3.754999
0.342166
3.635182
0.249405
3.859355
0.245540
3.659661
0.291920
3.646777
0.233945
3.760152
0.210754
3.758864
0.232656
3.758864
0.170816
3.834876
0.138607
3.689293
0.127012
3.767882
0.143760
3.676409
0.141184
3.802667
0.093515
3.618434
0.129589
3.861931
0.137319
3.706041
0.105110
3.610704
0.117993
3.819416
0.092226
3.818128
0.079343
3.775612
0.075478
3.635182
0.075478
3.655796
0.074190
3.685428
0.074190
3.735673
0.065171
3.878680
0.065171
3.886410
0.071613
3.693158
0.062594
3.587513
0.057441
3.794937
0.057441
3.751133
0.063883
3.614569
0.065171
3.796226
0.063883
3.626164
0.062594
3.814262
0.048423
3.807821
0.062594
3.785919
0.061306
3.608127
0.052288
3.596532
0.049711
3.860643
0.041981
3.726655
0.045846
3.618434
0.045846
3.726655
0.048423
3.796226
0.045846
3.882545
0.045846
3.689293
0.040693
3.664814
0.043269
3.854201
0.039404
3.743403
0.041981
3.640336
0.041981
3.752422
0.044558
3.864508
0.040693
3.721501
0.041981
3.596532
0.034251
3.872238
0.034251
3.764017
0.032962
3.693158
0.032962
3.828434
0.031674
3.863220
0.032962
3.660949
0.027809
3.627452
0.026521
3.885122
0.029097
3.639047
0.026521
3.794937
0.027809
3.882545
0.026521
3.834876
0.020079
3.669968
0.023944
3.847760
0.025232
3.675121
0.020079
3.778189
0.022656
3.840029
0.023944
3.775612
0.025232
3.649354
0.023944
3.825858
0.026521
3.802667
0.021367
3.702176
0.022656
3.758864
0.023944
3.812974
0.014926
3.734385
0.018791
3.650642
0.023944
3.800091
0.014926
3.784630
0.011061
3.780765
0.007196
3.775612
0.009772
3.797514
0.009772
3.756287
0.005907
3.758864
0.008484
3.754999
0.011061
3.717636
0.005907
3.760152
0.012349
3.754999
0.014926
3.748557
0.012349
3.700888
0.009772
3.659661
0.016214
3.721501
0.009772
3.669968
0.004619
3.708618
0.008484
3.664814
0.008484
3.720213
0.012349
3.604262
0.012349
3.677698
0.008484
3.700888
0.008484
3.699600
0.007196
3.688004
0.005907
3.693158
0.007196
3.695735
0.004619
3.663526
0.002042
3.609415
0.004619
3.680274
0.008484
3.614569
0.004619
3.666103
0.007196
3.659661
0.003331
3.653219
0.005907
3.642912
0.007196
3.640336
0.005907
3.630029
0.005907
3.706041
0.002042
3.649354
0.003331
3.637759
0.004619
3.635182
-0.000535
3.622299
0.004619
3.611992
0.000754
3.591378
0.004619
3.590090
0.002042
3.606839
-0.000535
3.604262
0.004619
3.581072
0.005907
3.575918
0.004619
3.566900
0.008484
3.570765
0.002042
3.581072
0.004619
3.577207
0.004619
3.565611
0.007196
3.543710
0.002042
3.529538
0.002042
3.546286
0.004619
3.539844
0.000754
3.510212
0.003331
3.498617
0.004619
3.494752
0.003331
3.503771
0.000754
3.497329
0.004619
3.510212
0.000754
3.475427
0.003331
3.450948
0.002042
3.468985
0.014926
3.463832
0.034251
3.470274
0.027809
3.456102
0.030386
3.434200
0.043269
3.427758
0.040693
3.422605
0.065171
3.434200
0.075478
3.412298
0.038116
3.398126
0.078055
3.408433
0.097380
3.403280
0.092226
3.378801
0.101245
3.372359
0.098668
3.354322
0.085785
3.344016
0.117993
3.344016
0.130877
3.333709
0.146337
3.356899
0.160509
3.329844
0.152779
3.310519
0.155356
3.304077
0.173392
3.306654
0.177257
3.282175
0.165662
3.291193
0.192718
3.311807
0.259712
3.408433
0.302227
3.390396
0.273883
3.340151
0.242963
3.288617
0.239098
3.256408
0.240386
3.229353
0.239098
3.251255
0.250693
3.202297
0.249405
3.231929
0.279037
3.197144
0.266153
3.197144
0.294497
3.189414
0.295785
3.164935
0.313822
3.166224
0.330571
3.141745
0.322841
3.126285
0.331859
3.118555
0.343454
3.135303
0.367933
3.127573
0.370510
3.114690
0.404007
3.118555
0.422043
3.097941
0.397565
3.073463
0.398853
3.067021
0.431062
3.078616
0.478731
3.110825
0.503209
3.088923
0.500633
3.090211
0.518670
3.065733
0.530265
3.045119
0.521246
3.020640
0.539283
2.996162
0.510939
2.980702
0.566338
3.007757
0.561185
2.989720
0.575357
2.974260
0.601124
2.980702
0.630756
2.974260
0.637197
2.948493
0.657811
2.948493
0.660388
2.934321
0.669406
2.942051
0.702903
2.913708
0.708057
2.924014
0.724805
2.914996
0.744130
2.907266
0.753149
2.866039
0.769897
2.862174
0.775051
2.842848
0.769897
2.796468
0.771186
2.809351
0.827873
2.811928
0.860082
2.809351
0.849775
2.784873
0.869100
2.779719
0.916769
2.804198
0.955419
2.796468
0.954131
2.756529
0.961861
2.737204
0.951554
2.732051
0.976033
2.680517
0.983763
2.668922
0.994070
2.671498
1.053334
2.694688
1.080389
2.674075
1.070082
2.658615
1.099714
2.630271
1.108733
2.590332
1.112598
2.604504
1.144806
2.631559
1.191187
2.598062
1.183457
2.589044
1.219531
2.550394
1.246586
2.590332
1.278795
2.577449
1.300696
2.546529
1.301985
2.502725
1.305850
2.466651
1.312292
2.467939
1.320022
2.453767
1.353519
2.437019
1.396034
2.455056
1.442415
2.451191
1.460452
2.421559
1.451433
2.385485
1.474623
2.404810
1.504255
2.386773
1.521004
2.376467
1.553213
2.364872
1.566096
2.346835
1.581556
2.315914
1.589286
2.328798
1.635667
2.345546
1.687201
2.330086
1.670452
2.274687
1.664010
2.272110
1.707814
2.227018
1.745176
2.265669
1.746465
2.194810
1.754195
2.163889
1.763213
2.187080
1.808305
2.176773
1.836649
2.181926
1.835361
2.147141
1.881741
2.131681
1.888183
2.135546
1.919103
2.104625
1.939717
2.093030
1.956465
2.077570
1.978367
2.054380
1.989962
2.040208
2.026036
2.071128
2.054380
2.015729
2.054380
1.992539
2.081435
2.028613
2.126527
2.026036
2.153583
1.980944
2.165178
1.965484
2.174196
1.956465
2.219288
1.950024
2.214135
1.928122
2.236037
1.904931
2.265669
1.897201
2.294012
1.890760
2.317203
1.853398
2.313338
1.849533
2.389350
1.853398
2.388062
1.837937
2.375178
1.790269
2.409964
1.816035
2.470516
1.821189
2.533645
1.812170
2.504013
1.768367
2.528492
1.737446
2.542663
1.734870
2.580026
1.755483
2.594197
1.706526
2.604504
1.696219
2.638001
1.640820
2.618676
1.595728
2.645731
1.620207
2.672787
1.611188
2.686958
1.600881
2.766836
1.647262
2.775854
1.622783
2.810640
1.606035
2.844137
1.559654
2.817082
1.492660
2.806775
1.468182
2.828677
1.469470
2.905977
1.500390
2.942051
1.519716
2.987143
1.536464
3.012910
1.464317
3.001315
1.443703
3.015487
1.403764
3.045119
1.397323
3.070886
1.390881
3.068309
1.352230
3.104383
1.349654
3.132727
1.340635
3.162359
1.308427
3.177819
1.329040
3.194567
1.263334
3.184261
1.218242
3.155917
1.225972
3.191991
1.245298
3.240948
1.228549
3.240948
1.169285
3.292482
1.179592
3.309230
1.152536
3.363341
1.157690
3.355611
1.140941
3.426470
1.134500
3.436777
1.113886
3.434200
1.052045
3.435488
1.023702
3.436777
1.035297
3.507636
1.053334
3.563035
1.022413
3.521808
1.001800
3.484446
0.932229
3.458679
0.929652
3.521808
0.927076
3.561746
0.891002
3.601685
0.888425
3.595243
0.914192
3.680274
0.875542
3.721501
0.879407
3.717636
0.775051
3.688004
0.808548
3.767882
0.847198
3.810397
0.804683
3.789784
0.767321
3.765305
0.740265
3.825858
0.755725
3.788496
0.675848
3.834876
0.619161
3.762729
0.650081
3.695735
0.621737
3.733097
0.603700
3.660949
0.592105
3.561746
0.572780
3.791072
0.593394
3.819416
0.554743
3.633894
0.570203
3.793649
0.523823
3.628740
0.518670
3.564323
0.477442
3.757575
0.436215
3.782054
0.416890
3.637759
0.445234
3.778189
0.418178
3.892852
0.414313
3.708618
0.407872
3.651931
0.348608
3.715060
0.338301
3.797514
0.273883
3.653219
0.303515
3.792361
0.353761
3.676409
0.311246
3.712483
0.237810
3.837453
0.268730
3.872238
0.237810
3.802667
0.168239
3.840029
0.172104
3.867085
0.150202
3.819416
0.103822
3.660949
0.097380
3.773035
0.119282
3.783342
0.108975
3.797514
0.097380
3.689293
0.116705
3.628740
0.085785
3.579783
0.088361
3.874815
0.090938
3.739538
0.092226
3.596532
0.088361
3.831011
0.078055
3.747268
0.071613
3.751133
0.078055
3.709906
0.083208
3.878680
0.070325
3.747268
0.067748
3.870950
0.056153
3.641624
0.060018
3.739538
0.061306
3.847760
0.053576
3.753710
0.053576
3.712483
0.049711
3.874815
0.054864
3.642912
0.049711
3.872238
0.054864
3.881257
0.050999
3.881257
0.048423
3.677698
0.044558
3.881257
0.049711
3.757575
0.048423
3.602973
0.041981
3.593955
0.045846
3.639047
0.038116
3.657084
0.041981
3.691869
0.040693
3.676409
0.044558
3.648066
0.034251
3.796226
0.035539
3.604262
0.035539
3.631317
0.035539
3.675121
0.030386
3.767882
0.031674
3.868373
0.029097
3.756287
0.035539
3.882545
0.032962
3.885122
0.030386
3.609415
0.030386
3.769170
0.036828
3.847760
0.030386
3.774324
0.021367
3.767882
0.029097
3.655796
0.025232
3.837453
0.026521
3.685428
0.025232
3.815551
0.023944
3.814262
0.025232
3.627452
0.026521
3.632605
0.022656
3.646777
0.025232
3.599108
0.018791
3.784630
0.020079
3.613280
0.018791
3.798802
0.014926
3.632605
0.017502
3.686716
0.018791
3.707330
0.014926
3.702176
0.011061
3.758864
0.012349
3.774324
0.011061
3.736962
0.011061
3.617145
0.011061
3.721501
0.013637
3.740827
0.012349
3.735673
0.011061
3.729232
0.012349
3.724078
0.012349
3.724078
0.005907
3.702176
0.013637
3.650642
0.008484
3.715060
0.007196
3.707330
0.009772
3.708618
0.008484
3.702176
-0.000535
3.668679
0.004619
3.686716
0.005907
3.669968
0.011061
3.669968
0.005907
3.655796
0.005907
3.655796
0.003331
3.619722
0.007196
3.648066
0.004619
3.642912
0.007196
3.628740
0.009772
3.637759
0.009772
3.631317
0.004619
3.639047
0.008484
3.623587
0.003331
3.602973
0.004619
3.577207
0.008484
3.577207
0.004619
3.572053
0.003331
3.579783
0.000754
3.578495
0.004619
3.579783
0.009772
3.572053
0.004619
3.559170
0.003331
3.544998
0.003331
3.543710
0.011061
3.533403
0.003331
3.517943
0.002042
3.528249
0.007196
3.519231
0.000754
3.490887
0.005907
3.508924
0.003331
3.508924
0.008484
3.506347
0.016214
3.494752
0.004619
3.448372
-0.022436
3.440642
0.038116
3.443218
0.032962
3.447083
0.038116
3.434200
0.045846
3.436777
0.074190
3.445795
0.061306
3.389108
0.066460
3.390396
0.078055
3.385243
0.083208
3.385243
0.099957
3.353034
0.119282
3.368494
0.121858
3.351746
0.120570
3.341439
0.134742
3.323402
0.138607
3.325979
0.174681
3.328555
0.168239
3.296347
0.178546
3.296347
0.201736
3.289905
0.200448
3.280887
0.230080
3.295058
0.236521
3.298923
0.255847
3.273157
0.266153
3.252543
0.249405
3.220334
0.254558
3.213893
0.271307
3.215181
0.306092
3.193279
0.303515
3.185549
0.335724
3.172665
0.346031
3.177819
0.353761
3.173954
0.371798
3.139168
0.384681
3.119843
0.380816
3.092788
0.406583
3.094076
0.418178
3.090211
0.447810
3.100518
0.451675
3.077328
0.491614
3.060579
0.508363
3.082481
0.539283
3.058002
0.522535
3.023217
0.500633
3.012910
0.531553
2.998739
0.580510
2.996162
0.592105
2.972972
0.617872
2.931744
0.626891
2.971683
0.644928
2.940763
0.666829
2.916284
0.669406
2.895671
0.714498
2.909843
0.732535
2.896959
0.738977
2.860885
0.758302
2.871192
0.787934
2.884076
0.813701
2.849290
0.831738
2.853155
0.854928
2.849290
0.862658
2.815793
0.884560
2.797756
0.884560
2.734627
0.892290
2.734627
0.936094
2.724320
0.941248
2.720455
0.974745
2.739781
0.987628
2.714014
1.009530
2.689535
1.028855
2.701130
1.052045
2.699842
1.057199
2.654750
1.104868
2.649596
1.080389
2.608369
1.085542
2.622541
1.165420
2.605793
1.166708
2.610946
1.182168
2.583891
1.200205
2.554259
1.229837
2.540087
1.222107
2.506590
1.249163
2.522050
1.309715
2.543952
1.340635
2.538798
1.338059
2.493706
1.330328
2.476958
1.347077
2.433154
1.377997
2.453767
1.392169
2.400945
1.410206
2.402234
1.443703
2.393215
1.463028
2.429289
1.567384
2.474381
1.584133
2.457633
1.577691
2.391927
1.578980
2.361006
1.598305
2.336528
1.607323
2.333951
1.645974
2.321068
1.660145
2.243767
1.626648
2.198675
1.639532
2.151006
1.685912
2.169043
1.723274
2.176773
1.743888
2.130392
1.751618
2.131681
1.796710
2.143276
1.826342
2.166466
1.902355
2.179349
1.937140
2.178061
2.011864
2.193521
1.992539
2.112355
1.987386
2.078858
1.995116
2.050515
2.007999
2.046650
2.040208
2.020883
2.064687
2.002846
2.087877
1.997692
2.134257
1.995116
2.178061
1.982232
2.190945
1.947447
2.180638
1.910085
2.236037
1.903643
2.218000
1.897201
2.252785
1.872723
2.255362
1.845667
2.310761
1.850821
2.362295
1.903643
2.439596
1.895913
2.433154
1.843091
2.426712
1.796710
2.422847
1.743888
2.422847
1.702661
2.437019
1.712968
2.497571
1.724563
2.541375
1.742600
2.567142
1.721986
2.612234
1.742600
2.659903
1.724563
2.640578
1.687201
2.710149
1.691066
2.706284
1.640820
2.712725
1.607323
2.729474
1.617630
2.733339
1.526157
2.725609
1.542906
2.766836
1.510697
2.773278
1.545482
2.845425
1.571249
2.848002
1.481065
2.873769
1.510697
2.913708
1.548059
2.966530
1.533887
2.969107
1.479777
2.953646
1.421801
2.953646
1.377997
2.991008
1.398611
3.077328
1.415359
3.092788
1.415359
3.076039
1.362537
3.081193
1.320022
3.095365
1.298120
3.159782
1.345789
3.163647
1.352230
3.184261
1.282660
3.224199
1.277506
3.230641
1.263334
3.249966
1.241432
3.244813
1.213089
3.295058
1.245298
3.350457
1.245298
3.283463
1.197629
3.347881
1.155113
3.329844
1.103579
3.381378
1.155113
3.390396
1.097138
3.391685
1.116463
3.443218
1.122905
3.484446
1.099714
3.447083
1.063641
3.525673
1.008242
3.427758
0.938671
3.516654
0.996646
3.474139
0.937382
3.475427
1.001800
3.563035
0.961861
3.535979
0.914192
3.581072
0.928364
3.621010
0.983763
3.641624
0.910327
3.592667
0.861370
3.532114
0.862658
3.624875
0.857505
3.658372
0.813701
3.635182
0.809836
3.735673
0.825296
3.608127
0.842045
3.581072
0.839468
3.635182
0.829161
3.675121
0.736400
3.764017
0.706768
3.709906
0.668118
3.641624
0.670695
3.816839
0.683578
3.792361
0.692596
3.654507
0.666829
3.872238
0.639774
3.667391
0.643639
3.798802
0.568915
3.742115
0.604989
3.721501
0.576645
3.765305
0.544436
3.581072
0.581799
3.639047
0.599835
3.615857
0.509651
3.865796
0.505786
3.631317
0.482596
3.883833
0.463271
3.736962
0.481307
3.836164
0.445234
3.657084
0.437504
3.680274
0.413025
3.849048
0.361491
3.793649
0.317687
3.659661
0.379528
3.775612
0.357626
3.845183
0.357626
3.568188
0.371798
3.596532
0.327994
3.655796
0.282902
3.858066
0.240386
3.727943
0.248117
3.870950
0.281614
3.702176
0.258423
3.624875
0.242963
3.636471
0.208178
3.618434
0.160509
3.666103
0.141184
3.850336
0.165662
3.606839
0.125724
3.856778
0.106398
3.640336
0.141184
3.689293
0.108975
3.662237
0.088361
3.752422
0.097380
3.704753
0.066460
3.588802
0.101245
3.859355
0.087073
3.850336
0.090938
3.816839
0.087073
3.845183
0.072901
3.673833
0.072901
3.745980
0.069036
3.882545
0.069036
3.784630
0.079343
3.627452
0.067748
3.828434
0.066460
3.677698
0.065171
3.583648
0.069036
3.596532
0.062594
3.673833
0.067748
3.785919
0.057441
3.627452
0.057441
3.882545
0.045846
3.658372
0.057441
3.845183
0.053576
3.684139
0.053576
3.682851
0.049711
3.843894
0.049711
3.588802
0.041981
3.711195
0.060018
3.599108
0.056153
3.702176
0.048423
3.613280
0.044558
3.779477
0.043269
3.646777
0.043269
3.850336
0.041981
3.820704
0.039404
3.621010
0.040693
3.882545
0.039404
3.736962
0.035539
3.664814
0.036828
3.697023
0.036828
3.660949
0.038116
3.850336
0.040693
3.604262
0.036828
3.733097
0.030386
3.833588
0.034251
3.663526
0.030386
3.881257
0.026521
3.874815
0.030386
3.733097
0.029097
3.882545
0.032962
3.814262
0.030386
3.794937
0.023944
3.593955
0.022656
3.626164
0.029097
3.637759
0.026521
3.734385
0.022656
3.615857
0.022656
3.827146
0.021367
3.792361
0.031674
3.811686
0.026521
3.691869
0.017502
3.834876
0.017502
3.837453
0.023944
3.860643
0.020079
3.639047
0.018791
3.748557
0.022656
3.802667
0.018791
3.614569
0.020079
3.744692
0.017502
3.766594
0.023944
3.744692
0.020079
3.761440
0.009772
3.780765
0.014926
3.770459
0.011061
3.655796
0.012349
3.754999
-0.008265
3.757575
0.012349
3.753710
0.012349
3.671256
0.012349
3.742115
0.013637
3.669968
0.007196
3.644201
0.009772
3.731808
0.012349
3.676409
0.004619
3.725367
0.009772
3.648066
0.009772
3.720213
0.005907
3.646777
0.004619
3.676409
0.007196
3.700888
0.008484
3.704753
0.008484
3.761440
0.022656
3.609415
0.008484
3.703465
0.013637
3.689293
0.011061
3.682851
-0.025013
3.659661
0.005907
3.646777
0.005907
3.663526
0.007196
3.659661
0.008484
3.595243
0.004619
3.657084
0.007196
3.663526
0.014926
3.650642
0.002042
3.653219
0.007196
3.627452
0.004619
3.632605
0.007196
3.631317
0.000754
3.621010
0.009772
3.621010
0.004619
3.606839
0.003331
3.601685
0.003331
3.590090
-0.003111
3.593955
0.011061
3.586225
0.005907
3.573342
0.009772
3.569476
0.005907
3.566900
0.002042
3.544998
0.007196
3.543710
0.003331
3.543710
0.003331
3.524384
0.002042
3.524384
-0.000535
3.516654
0.005907
3.521808
0.002042
3.511501
0.003331
3.506347
0.004619
3.498617
0.000754
3.493464
0.003331
3.493464
0.007196
3.496041
0.004619
3.499906
0.008484
3.480580
0.011061
3.479292
0.030386
3.470274
0.029097
3.443218
0.014926
3.449660
0.026521
3.427758
0.040693
3.434200
0.030386
3.408433
0.043269
3.400703
0.047134
3.404568
0.079343
3.392973
0.076766
3.394261
0.097380
3.391685
0.081920
3.377513
0.112840
3.391685
0.110263
3.356899
0.110263
3.362053
0.115417
3.346592
0.141184
3.342727
0.143760
3.334997
0.152779
3.325979
0.155356
3.322114
0.188853
3.311807
0.187564
3.302789
0.205601
3.280887
0.183699
3.278310
0.222350
3.255120
0.199159
3.234506
0.227503
3.256408
0.230080
3.242236
0.251982
3.260273
0.273883
3.233218
0.272595
3.213893
0.288055
3.195856
0.291920
3.197144
0.300939
3.188126
0.311246
3.163647
0.327994
3.159782
0.339589
3.181684
0.355049
3.158494
0.371798
3.154629
0.393700
3.128862
0.400142
3.137880
0.396276
3.112113
0.407872
3.091500
0.414313
3.092788
0.443945
3.085058
0.441369
3.065733
0.482596
3.059291
0.485172
3.054137
0.487749
3.037389
0.519958
3.036101
0.527688
3.030947
0.534130
3.006469
0.537995
3.003892
0.566338
3.019352
0.589529
3.000027
0.602412
3.001315
0.621737
2.988432
0.624314
2.972972
0.628179
2.979413
0.652658
2.948493
0.657811
2.912419
0.671983
2.902112
0.666829
2.884076
0.699038
2.887941
0.710633
2.890517
0.745419
2.876345
0.724805
2.823523
0.722228
2.811928
0.751860
2.819658
0.768609
2.822235
0.818854
2.833830
0.811124
2.786161
0.844621
2.817082
0.861370
2.787450
0.885849
2.828677
0.914192
2.797756
0.921922
2.778431
0.906462
2.790026
0.941248
2.725609
0.923211
2.706284
0.937382
2.706284
0.986340
2.739781
1.009530
2.744934
1.050757
2.723032
1.035297
2.697265
1.045604
2.662480
1.057199
2.654750
1.084254
2.639290
1.081677
2.622541
1.111309
2.612234
1.125481
2.609658
1.142230
2.600639
1.158978
2.616099
1.193764
2.581314
1.201494
2.569719
1.210512
2.560700
1.210512
2.556835
1.272353
2.558124
1.283948
2.507878
1.255604
2.461498
1.268488
2.464074
1.276218
2.465363
1.299408
2.489841
1.338059
2.453767
1.374132
2.456344
1.375421
2.457633
1.390881
2.403522
1.384439
2.397080
1.423089
2.403522
1.461740
2.413829
1.469470
2.409964
1.475912
2.366160
1.497814
2.386773
1.532599
2.372602
1.524869
2.346835
1.560943
2.372602
1.626648
2.389350
1.625360
2.359718
1.620207
2.290147
1.597016
2.297877
1.634378
