3.579783
3.587513
3.608127
3.748557
0.924499
-0.001823
0.005907
-0.009553
0.004619
2.971683
3.785919
3.753710
3.807821
3.307942
0.011061
0.000754
0.002042
-0.001823
0.099957
3.797514
3.621010
3.628740
3.693158
0.400142
0.009772
0.000754
0.009772
0.002042
2.144564
3.742115
3.642912
3.716348
3.630029
3.685428
3.601685
3.821993
3.832299
1.564808
3.758864
3.838741
3.651931
2.385485
0.009772
-0.003111
0.008484
-0.006976
0.007196
-0.003111
0.007196
0.101245
0.005907
-0.001823
0.007196
-0.004400
0.005907
-0.004400
0.197871
3.676409
3.624875
3.837453
3.691869
3.617145
1.782538
0.009772
0.005907
-0.000535
0.030386
3.769170
3.724078
3.865796
3.650642
3.354322
0.009772
-0.003111
0.002042
-0.006976
1.652415
3.865796
3.766594
3.582360
3.668679
2.116220
0.007196
-0.000535
-0.003111
-0.001823
2.349411
3.689293
3.803956
3.870950
3.295058
-0.001823
0.002042
-0.000535
0.003331
-0.000535
3.697023
3.814262
3.831011
3.782054
1.358672
0.005907
0.005907
0.008484
0.004619
0.669406
3.676409
3.758864
3.828434
3.577207
0.288055
-0.004400
0.004619
-0.008265
0.012349
1.894625
3.671256
3.693158
3.748557
2.904689
0.003331
0.003331
0.007196
-0.001823
0.003331
3.600397
3.599108
3.682851
3.869661
2.460209
0.005907
0.000754
0.004619
-0.001823
0.744130
3.743403
3.876103
3.798802
3.626164
0.017502
0.005907
-0.001823
0.005907
-0.000535
3.239659
3.742115
3.859355
3.810397
3.110825
-0.001823
-0.000535
-0.003111
0.012349
0.626891
3.796226
3.775612
3.675121
3.646777
0.576645
-0.000535
0.003331
-0.004400
0.005907
1.173150
3.729232
3.622299
3.828434
3.508924
0.003331
0.000754
0.003331
-0.003111
0.026521
3.805244
3.689293
3.869661
3.695735
2.907266
0.005907
-0.003111
0.005907
-0.010841
0.114128
3.765305
3.838741
3.579783
3.690581
0.240386
0.004619
-0.005688
0.008484
-0.001823
2.555547
3.611992
3.742115
3.867085
3.453525
-0.001823
0.011061
0.000754
0.000754
0.116705
3.633894
3.811686
3.586225
3.770459
2.158736
0.005907
