1.532599
1.524869
1.510697
1.528734
1.540329
1.555789
1.573826
1.613765
1.656280
1.703949
1.720698
1.716833
1.669164
1.599593
1.524869
1.470758
1.421801
1.396034
1.366402
1.348365
1.349654
1.383151
1.411494
1.437261
1.444991
1.461740
1.446280
1.403764
1.348365
1.320022
1.305850
1.318733
1.338059
1.362537
1.384439
1.434685
1.479777
1.542906
1.602170
1.669164
1.682047
1.666587
1.633090
1.613765
1.597016
1.599593
1.603458
1.608612
1.591863
1.587998
1.568673
1.567384
1.539041
1.527446
1.472047
1.415359
1.358672
1.338059
1.311003
1.326463
1.339347
1.367691
1.397323
1.452721
1.496525
1.562231
1.607323
1.625360
1.599593
1.568673
1.527446
1.504255
1.464317
1.434685
1.410206
1.403764
1.411494
1.447568
1.461740
1.482353
1.491372
1.483642
1.432108
1.380574
1.332905
1.323887
1.318733
1.348365
1.379286
1.504255
1.626648
1.750330
1.837937
1.906220
1.917815
1.881741
1.777385
1.693642
1.625360
1.578980
1.515850
1.433396
1.348365
1.301985
1.262046
1.253028
1.234991
1.223396
1.189899
1.138365
1.045604
0.930941
0.816278
0.722228
0.639774
0.590817
0.568915
0.607565
0.704192
0.858793
1.027567
1.204070
1.353519
1.478488
1.536464
1.577691
1.604746
1.644685
1.665299
1.694931
1.706526
1.736158
1.752906
1.795422
1.801864
1.804440
1.779962
1.741311
1.679471
1.634378
1.598305
1.582845
1.569961
1.591863
1.634378
1.731005
1.857263
1.995116
2.116220
2.246344
2.346835
2.457633
2.552970
2.656038
2.734627
2.799045
2.806775
2.759106
2.657326
2.527203
2.346835
2.135546
1.881741
1.593151
1.282660
1.006953
0.767321
0.581799
0.402718
0.241675
0.090938
0.004619
