1.417596
1.591879
1.522166
1.588006
1.484728
1.547986
1.416305
1.535076
1.451162
1.519584
1.444707
1.452453
1.409851
1.435670
1.334974
1.430506
1.380158
1.522166
1.371121
1.411141
1.152945
1.192965
1.096142
1.285916
1.320773
1.497637
1.408560
1.474400
1.497637
1.660301
1.528621
1.634482
1.544113
1.695158
1.545404
1.599625
1.533785
1.439543
1.354338
1.399523
1.443416
1.553150
1.400814
1.563477
1.535076
1.660301
1.542822
1.717104
1.737760
2.114727
2.068252
2.072125
1.928826
1.912043
1.675793
1.563477
1.296244
1.384031
1.332392
1.356920
1.307863
1.474400
1.363375
1.258806
1.092269
1.152945
1.103888
1.092269
1.029011
1.044502
0.804380
0.746285
0.675281
0.837945
0.879257
1.067740
1.160691
1.265260
1.314318
1.448580
1.422760
1.404687
1.469236
1.475691
1.389195
1.424051
1.461490
1.830711
1.962391
2.046305
2.201223
2.168948
1.984338
1.943026
1.888805
1.797145
1.563477
1.483437
1.402105
1.448580
1.368539
1.399523
1.407269
1.395650
1.257515
1.265260
1.354338
1.329810
1.464072
1.449871
1.549277
1.564768
1.705486
1.664174
1.713231
1.589297
1.541531
1.376285
1.457617
1.469236
1.452453
1.371121
1.422760
1.440834
1.279461
1.054830
1.078068
1.164564
1.158109
1.253642
1.307863
1.435670
1.544113
1.469236
1.581551
1.617699
1.687412
1.593170
1.620281
1.612535
1.656428
1.597043
1.514420
1.438252
1.466654
1.553150
1.575096
1.458908
1.655137
1.766162
2.019194
2.103108
2.088907
2.091489
1.857822
1.604789
1.460199
1.216203
1.128416
1.010937
0.914113
0.902494
0.983826
0.819871
0.930896
0.916695
0.950261
0.925732
1.038047
1.071613
1.058703
0.976080
1.116797
0.947679
1.045793
0.951552
1.079359
1.278170
1.460199
1.537658
1.562186
1.301408
1.164564
0.941224
1.023847
0.867638
0.917986
0.920568
1.036757
1.005773
0.977371
0.885712
0.936060
1.070322
1.232986
1.448580
1.640936
1.674502
1.657719
1.527330
1.576387
1.377576
1.469236
1.311736
1.482146
1.336264
1.502801
1.359502
1.507965
1.377576
1.545404
1.396941
1.595752
1.400814
1.474400
1.362084
1.469236
1.396941
1.560895
1.403396
1.573805
1.469236
1.642227
1.456326
1.504092
1.341428
1.416305
1.251060
1.374994
1.296244
1.390486
1.194256
1.278170
1.088396
1.190383
1.066449
1.183929
0.937351
1.196838
1.084523
1.261388
1.145199
1.296244
1.119379
1.353047
1.285916
1.618990
1.474400
1.625445
1.435670
1.617699
1.456326
1.600916
1.318191
1.588006
1.502801
1.697740
1.597043
1.724850
1.504092
1.643518
1.464072
1.628027
1.444707
1.522166
1.342719
1.506674
1.254933
1.322064
1.155527
1.301408
1.185220
1.248478
1.070322
1.209748
0.937351
1.109052
0.969625
1.172310
1.031593
1.293662
1.168437
1.371121
1.292371
1.426633
1.222658
1.466654
1.293662
1.491182
1.363375
1.469236
1.236859
1.431797
1.402105
1.617699
1.422760
1.657719
1.523457
1.782945
1.505383
1.671920
1.462781
1.666756
1.425342
1.691285
1.395650
1.562186
1.288498
1.526039
1.200711
1.311736
1.044502
1.338846
1.112924
1.458908
1.118088
1.398232
1.296244
1.387904
1.136162
1.346592
1.152945
1.338846
1.163273
1.347883
1.261388
1.567350
1.353047
1.624154
1.541531
1.771326
1.566059
1.775199
1.358211
1.532494
1.284625
1.527330
1.223949
1.470527
1.364666
1.476982
1.313027
1.558314
1.296244
1.390486
1.129707
1.338846
1.065158
1.300117
1.035466
1.356920
1.041920
1.254933
1.061285
1.275588
1.007064
1.340137
1.258806
1.622863
1.568641
1.764871
1.558314
1.771326
1.634482
1.795854
1.467945
1.655137
1.313027
1.507965
1.115506
1.360793
1.111634
1.460199
1.202002
1.359502
1.167146
1.664174
1.598334
1.801018
1.646100
1.887514
1.584133
1.777781
1.547986
1.722268
1.328519
1.586715
1.429215
1.634482
1.294953
1.293662
1.083232
1.377576
0.986408
1.036757
0.639134
0.761777
0.477761
0.738540
0.579749
1.013519
0.903785
1.258806
1.014810
1.283334
1.229113
1.409851
1.275588
1.554441
1.451162
1.764871
1.505383
1.770035
1.646100
1.850076
1.551859
1.791981
1.624154
1.798436
1.642227
1.706777
1.391777
1.651264
1.263969
1.558314
1.358211
1.550568
1.265260
1.540240
1.261388
1.502801
1.282043
1.555732
1.315609
1.557023
1.283334
1.562186
1.249769
1.476982
1.196838
1.436961
1.145199
1.435670
1.177474
1.434379
1.178765
1.470527
1.275588
1.431797
1.164564
1.438252
1.194256
1.421469
1.187801
1.382740
1.265260
1.452453
1.283334
1.562186
1.624154
2.051469
1.944317
2.158620
1.888805
2.056633
1.732596
1.931408
1.630609
1.872022
1.563477
1.751961
1.374994
1.599625
1.280752
1.546695
1.221367
1.413723
1.076777
1.338846
1.026429
1.371121
1.071613
1.289789
0.995445
1.333683
0.978662
1.309154
1.124543
1.439543
1.158109
1.226531
0.760486
0.881839
0.649462
0.861183
0.750158
1.085814
0.960589
1.314318
1.098724
1.430506
1.127125
1.415014
1.253642
1.510547
1.276879
1.611244
1.458908
1.775199
1.647391
1.980465
1.637063
1.771326
1.514420
1.670629
1.438252
1.655137
1.351756
1.696449
1.696449
2.159911
1.908170
2.077289
1.816510
1.986920
1.709358
1.785526
1.471818
1.562186
1.211039
1.367248
1.167146
1.192965
0.787597
0.835363
0.706265
0.850855
0.650753
1.001900
0.907658
1.331101
1.182638
1.562186
1.258806
1.531203
1.242023
1.687412
1.430506
1.708068
1.372412
1.669338
1.462781
1.633191
1.356920
1.671920
1.390486
1.606080
1.389195
1.487309
1.249769
1.493764
1.271715
1.478273
1.346592
1.697740
1.475691
1.748088
1.519584
1.842330
1.467945
1.745506
1.527330
1.820383
1.488600
1.770035
1.483437
1.612535
1.240732
1.451162
1.171019
1.509256
1.248478
1.649973
1.363375
1.657719
1.359502
1.634482
1.296244
1.572514
1.324646
1.617699
1.340137
1.589297
1.387904
1.652555
1.399523
1.646100
1.344010
1.452453
1.325937
1.478273
1.182638
1.502801
1.301408
1.484728
1.356920
1.613826
1.442125
1.591879
1.280752
1.444707
1.192965
1.448580
1.186511
1.523457
1.221367
1.523457
1.176183
1.346592
1.018683
1.287207
1.050957
1.276879
1.129707
1.439543
1.192965
1.473109
1.251060
1.519584
1.390486
1.935280
1.819092
2.218006
1.914625
2.094071
1.826838
2.083743
1.621572
1.600916
1.120670
1.128416
0.772105
1.039338
0.738540
1.029011
0.818580
1.168437
1.090978
1.365957
1.119379
1.425342
1.247187
1.603498
1.424051
1.714522
1.420178
1.644809
1.371121
1.537658
1.300117
1.535076
1.273006
1.540240
1.351756
1.665465
1.394359
1.572514
1.373703
1.547986
1.327228
1.655137
1.462781
1.860403
1.580260
1.788108
1.541531
1.794563
1.489891
1.722268
1.448580
1.575096
1.260097
1.529912
1.374994
1.510547
1.218785
1.429215
1.189092
1.319482
1.133580
1.349174
1.133580
1.369830
1.203293
1.427924
1.279461
1.559605
1.230404
1.491182
1.136162
1.407269
1.209748
1.553150
1.365957
1.555732
1.200711
1.436961
1.147781
1.400814
1.191674
1.532494
1.355629
1.604789
1.532494
1.737760
1.476982
1.527330
1.324646
1.598334
1.328519
1.590588
1.524748
1.764871
1.558314
1.764871
1.612535
1.824256
1.526039
1.773908
1.478273
1.661592
1.334974
1.486018
1.236859
1.310445
1.208457
1.353047
1.214912
1.426633
1.252351
1.456326
1.336264
1.599625
1.412432
1.613826
1.429215
1.593170
1.380158
1.544113
1.253642
1.453744
1.258806
1.457617
1.155527
1.436961
1.199420
1.505383
1.249769
1.443416
1.223949
1.501510
1.416305
1.737760
1.573805
1.828129
1.692576
1.877186
1.589297
1.844912
1.518293
1.708068
1.547986
1.755834
1.598334
1.648682
1.081941
1.123252
0.887003
1.165855
1.005773
1.273006
1.030302
1.262678
1.047084
1.297535
1.069031
1.342719
1.061285
1.296244
1.062576
1.346592
1.155527
1.444707
1.376285
1.633191
1.333683
1.582842
1.355629
1.634482
1.504092
1.684830
1.495055
1.675793
1.396941
1.644809
1.517002
1.722268
1.467945
1.655137
1.347883
1.475691
1.283334
1.580260
1.373703
1.631900
1.513129
1.699031
1.629318
1.797145
1.586715
1.750670
1.474400
1.757125
1.493764
1.771326
1.909461
2.109563
1.966264
2.015321
1.808764
1.791981
1.415014
1.436961
1.087105
1.203293
1.019974
1.253642
1.057412
1.090978
0.726921
0.795343
0.624933
0.956716
0.823744
0.961880
0.858601
0.990281
0.919277
1.129707
1.124543
1.402105
1.346592
1.624154
1.545404
1.695158
1.403396
1.576387
1.420178
1.476982
1.249769
1.425342
1.263969
1.513129
1.453744
1.629318
1.616408
1.772617
1.683539
1.713231
1.457617
1.584133
1.456326
1.571223
1.438252
1.581551
1.442125
1.510547
1.380158
1.509256
1.376285
1.600916
1.526039
1.735178
1.448580
1.478273
1.311736
1.393068
1.204584
1.421469
1.298826
1.544113
1.311736
1.455035
1.416305
1.603498
1.404687
1.659010
1.404687
1.569932
1.349174
1.549277
1.368539
1.635772
1.356920
1.638354
1.511838
1.683539
1.469236
1.560895
1.422760
1.691285
1.566059
1.644809
1.438252
1.487309
1.291080
1.402105
1.273006
1.554441
1.599625
1.851367
1.768744
2.029522
1.853949
1.837166
1.613826
1.599625
1.283334
1.071613
0.702392
0.800507
0.641716
0.881839
0.924441
1.105179
1.054830
1.231695
1.142617
1.338846
1.380158
1.572514
1.453744
1.653846
1.510547
1.656428
1.480855
1.633191
1.418887
1.460199
1.408560
1.595752
1.571223
1.936571
1.803600
1.739051
1.517002
1.538949
1.341428
1.475691
1.316900
1.464072
1.347883
1.470527
1.523457
1.883641
1.813928
1.990793
1.924953
1.915916
1.749379
1.739051
1.489891
1.568641
1.292371
1.059994
0.757904
0.818580
0.760486
0.925732
0.916695
1.151654
1.238150
1.415014
1.293662
1.510547
1.455035
1.575096
1.325937
1.394359
1.301408
1.307863
1.223949
1.340137
1.214912
1.243314
1.284625
1.496346
1.535076
1.527330
1.363375
1.598334
1.404687
1.510547
1.395650
1.598334
1.486018
1.465363
1.359502
1.438252
1.365957
1.355629
1.252351
1.439543
1.342719
1.451162
1.382740
1.542822
1.373703
1.522166
1.327228
1.526039
1.431797
1.586715
1.433088
1.572514
1.408560
1.568641
1.447289
1.456326
1.387904
1.408560
1.411141
1.606080
1.588006
1.664174
1.606080
1.586715
1.470527
1.431797
1.350465
1.461490
1.404687
1.465363
1.323355
1.421469
1.263969
1.426633
1.269133
1.390486
1.341428
1.484728
1.376285
1.559605
1.456326
1.683539
1.424051
1.405978
1.275588
1.501510
1.464072
1.612535
1.473109
1.575096
1.456326
1.505383
1.404687
1.638354
1.492473
1.635772
1.553150
1.646100
1.538949
1.546695
1.478273
1.528621
1.416305
1.484728
1.362084
1.523457
1.345301
1.492473
1.424051
1.505383
1.553150
1.642227
1.553150
1.691285
1.557023
1.746797
1.532494
1.566059
1.467945
1.457617
1.244605
1.292371
1.120670
1.251060
1.183929
1.253642
1.234277
1.355629
1.285916
1.227822
1.251060
1.492473
1.613826
1.768744
1.869440
1.850076
1.687412
1.589297
1.447289
1.479564
1.382740
1.491182
1.334974
1.336264
1.273006
1.280752
1.229113
1.338846
1.261388
1.243314
1.118088
1.239441
1.138744
1.200711
1.173601
1.124543
0.746285
0.654626
0.437741
0.531982
0.568130
0.633970
0.752740
1.022556
1.202002
1.412432
1.557023
1.749379
1.666756
1.529912
1.549277
1.558314
1.573805
1.588006
1.626736
1.624154
1.648682
1.584133
1.753252
1.856531
1.821674
1.643518
1.453744
1.411141
1.260097
1.265260
1.242023
1.220076
1.183929
1.235568
1.444707
1.554441
1.575096
1.655137
1.617699
1.589297
1.460199
1.504092
1.439543
1.474400
1.504092
1.536367
1.447289
1.523457
1.436961
1.514420
1.297535
1.453744
1.439543
1.374994
1.417596
1.311736
1.291080
1.171019
1.190383
1.218785
1.289789
1.285916
1.309154
1.391777
1.581551
1.483437
1.500219
1.473109
1.511838
1.597043
1.637063
1.518293
1.518293
1.473109
1.376285
1.429215
1.372412
1.198129
1.211039
1.221367
1.293662
1.324646
1.385322
1.382740
1.305281
1.196838
1.192965
1.186511
1.242023
1.349174
1.433088
1.497637
1.524748
1.575096
1.536367
1.460199
1.514420
1.526039
1.533785
1.581551
1.500219
1.415014
1.331101
1.413723
1.418887
1.430506
1.353047
1.349174
1.384031
1.403396
1.416305
1.261388
1.266551
1.289789
1.284625
1.127125
1.152945
1.133580
1.225240
1.297535
1.491182
1.470527
1.496346
1.489891
1.549277
1.513129
1.586715
1.600916
1.697740
1.620281
1.576387
1.509256
1.558314
1.624154
1.541531
1.483437
1.425342
1.334974
1.332392
1.359502
1.389195
1.307863
1.337555
1.248478
1.230404
1.141326
1.190383
1.147781
1.178765
1.173601
1.276879
1.192965
1.358211
1.371121
1.496346
1.522166
1.582842
1.590588
1.597043
1.550568
1.644809
1.540240
1.564768
1.469236
1.462781
1.425342
1.412432
1.253642
1.373703
1.300117
1.293662
1.258806
1.273006
1.278170
1.324646
1.327228
1.409851
1.288498
1.345301
1.222658
1.236859
1.163273
1.288498
1.191674
1.186511
1.136162
1.283334
1.169728
1.294953
1.305281
1.408560
1.416305
1.520875
1.474400
1.500219
1.444707
1.501510
1.280752
1.396941
1.269133
1.296244
1.177474
1.303990
1.263969
1.421469
1.346592
1.533785
1.421469
1.424051
1.434379
1.511838
1.377576
1.371121
1.289789
1.316900
1.260097
1.384031
1.384031
1.448580
1.400814
1.559605
1.453744
1.563477
1.420178
1.535076
1.461490
1.602207
1.429215
1.531203
1.346592
1.376285
1.293662
1.400814
1.337555
1.382740
1.310445
1.365957
1.203293
1.322064
1.234277
1.418887
1.334974
1.473109
1.429215
1.505383
1.554441
1.625445
1.532494
1.607371
1.433088
1.346592
1.214912
1.279461
1.194256
1.258806
1.123252
1.273006
1.225240
1.284625
1.207166
1.356920
1.296244
1.412432
1.280752
1.387904
1.288498
1.337555
1.271715
1.385322
1.194256
1.310445
1.209748
1.332392
1.344010
1.491182
1.451162
1.625445
1.475691
1.590588
1.585424
1.680957
1.520875
1.411141
1.285916
1.358211
1.266551
1.400814
1.346592
1.405978
1.300117
1.389195
1.377576
1.473109
1.385322
1.377576
1.327228
1.355629
1.226531
1.244605
1.256224
1.475691
1.337555
1.430506
1.262678
1.349174
1.187801
1.275588
1.227822
1.358211
1.263969
1.438252
1.416305
1.599625
1.429215
1.612535
1.374994
1.568641
1.382740
1.536367
1.405978
1.520875
1.427924
1.455035
1.319482
1.364666
1.221367
1.327228
1.311736
1.479564
1.292371
1.457617
1.344010
1.403396
1.236859
1.368539
1.269133
1.371121
1.217494
1.279461
1.218785
1.451162
1.265260
1.474400
1.292371
1.455035
1.323355
1.455035
1.297535
1.395650
1.114215
1.473109
1.396941
1.637063
1.523457
1.926244
1.881059
2.188313
1.864276
1.851367
1.435670
1.501510
1.161982
1.249769
1.025138
1.300117
1.017392
1.225240
1.331101
1.670629
1.652555
1.841039
1.745506
1.844912
1.608662
1.785526
1.519584
1.600916
1.328519
1.439543
1.100015
1.196838
0.896039
1.062576
0.932187
1.220076
0.977371
1.258806
1.010937
1.227822
1.045793
1.275588
1.035466
1.225240
1.049666
1.214912
0.794052
0.898621
0.646880
0.912822
0.832781
1.143908
0.970916
1.251060
1.141326
1.486018
1.276879
1.616408
1.316900
1.586715
1.363375
1.612535
1.373703
1.575096
1.517002
1.638354
1.455035
1.652555
1.426633
1.689994
1.422760
1.692576
1.332392
1.549277
1.270424
1.464072
1.189092
1.452453
1.182638
1.473109
1.320773
1.523457
1.306572
1.568641
1.358211
1.921080
1.825547
2.203805
2.003703
2.147002
1.851367
1.869440
1.507965
1.671920
1.373703
1.546695
1.265260
1.559605
1.282043
1.424051
1.183929
1.249769
0.912822
0.995445
0.510036
0.679154
0.477761
0.751449
0.552638
0.834072
0.737249
1.034175
1.000609
1.266551
0.999318
1.302699
1.138744
1.493764
1.323355
1.634482
1.616408
2.041141
1.937862
2.216715
1.933989
2.054051
1.746797
1.874604
1.345301
1.378867
0.920568
1.092269
0.854728
1.093560
0.932187
1.196838
0.955425
1.252351
1.110343
1.470527
1.355629
1.580260
1.345301
1.569932
1.285916
1.489891
1.266551
1.443416
1.214912
1.377576
1.029011
1.271715
1.199420
1.566059
1.402105
1.748088
1.358211
1.616408
1.367248
1.651264
1.369830
1.599625
1.350465
1.670629
1.418887
1.757125
1.518293
1.723559
1.429215
1.527330
1.327228
1.411141
1.222658
1.409851
1.163273
1.350465
1.288498
1.474400
1.284625
1.590588
1.350465
1.549277
1.276879
1.554441
1.291080
1.506674
1.327228
1.585424
1.327228
1.560895
1.517002
1.999830
1.758416
1.995957
1.603498
1.728723
1.136162
1.209748
0.774687
1.066449
0.912822
1.225240
1.013519
1.346592
1.202002
1.465363
1.254933
1.532494
1.289789
1.599625
1.376285
1.631900
1.380158
1.664174
1.354338
1.652555
1.394359
1.704195
1.385322
1.528621
1.161982
1.382740
1.067740
1.300117
1.078068
1.346592
1.178765
1.374994
1.169728
1.464072
1.155527
1.413723
1.105179
1.296244
1.034175
1.369830
1.190383
1.426633
1.355629
1.638354
1.461490
1.648682
1.292371
1.564768
1.320773
1.593170
1.262678
1.509256
1.240732
1.542822
1.342719
1.748088
1.551859
1.807473
1.647391
1.794563
1.625445
1.844912
1.549277
1.682248
1.393068
1.620281
1.395650
1.549277
1.322064
1.563477
1.294953
1.413723
1.196838
1.431797
1.119379
1.429215
1.090978
1.271715
0.978662
1.362084
1.119379
1.411141
1.287207
1.644809
1.329810
1.545404
1.199420
1.443416
1.336264
1.502801
1.257515
1.495055
1.276879
1.582842
1.253642
1.425342
1.062576
1.345301
1.161982
1.378867
1.164564
1.356920
1.183929
1.504092
1.324646
1.528621
1.398232
1.603498
1.422760
1.604789
1.464072
1.737760
1.538949
1.798436
1.638354
1.794563
1.405978
1.609953
1.398232
1.908170
1.766162
2.117309
1.866858
1.981756
1.706777
1.962391
1.648682
1.848785
1.540240
1.754543
1.305281
1.555732
1.236859
1.504092
1.056121
1.265260
0.930896
1.251060
0.998027
1.409851
1.084523
1.138744
0.649462
0.941224
0.716593
1.013519
0.890875
1.159400
1.140035
1.400814
1.209748
1.586715
1.367248
1.682248
1.322064
1.603498
1.276879
1.505383
1.227822
1.628027
1.408560
1.842330
1.540240
1.781654
1.491182
1.643518
1.266551
1.606080
1.345301
1.575096
1.344010
1.674502
1.403396
1.604789
1.344010
1.749379
1.464072
1.720977
1.271715
1.469236
1.207166
1.518293
1.211039
1.471818
1.293662
1.505383
1.313027
1.560895
1.365957
1.791981
1.741633
2.088907
1.771326
1.891387
1.536367
1.828129
1.553150
1.713231
1.444707
1.777781
1.400814
1.597043
1.220076
1.501510
1.205875
1.381449
1.105179
1.364666
1.198129
1.435670
1.285916
1.430506
1.190383
1.429215
1.220076
1.456326
1.285916
1.445998
1.270424
1.429215
1.092269
1.301408
1.158109
1.398232
1.097433
1.448580
1.320773
1.624154
1.276879
1.146490
0.701101
0.933478
0.626224
0.936060
0.836654
1.227822
1.098724
1.327228
1.323355
1.649973
1.458908
1.727432
1.382740
1.541531
1.222658
1.491182
1.283334
1.501510
1.227822
1.482146
1.307863
1.735178
1.523457
1.826838
1.558314
1.766162
1.398232
1.693867
1.442125
1.700322
1.426633
1.475691
1.262678
1.439543
1.282043
1.505383
1.369830
1.588006
1.364666
1.628027
1.491182
1.775199
1.476982
1.689994
1.424051
1.715813
1.460199
1.724850
1.502801
1.715813
1.346592
1.447289
1.225240
1.497637
1.260097
1.469236
1.262678
1.497637
1.177474
1.365957
1.090978
1.440834
1.229113
1.409851
1.226531
1.544113
1.349174
1.518293
1.334974
1.549277
1.390486
1.687412
1.471818
1.664174
1.427924
1.653846
1.461490
1.750670
1.613826
1.830711
1.563477
1.687412
1.568641
1.652555
1.416305
1.581551
1.293662
1.408560
1.169728
1.338846
1.134871
1.425342
1.258806
1.443416
1.254933
1.489891
1.204584
1.283334
1.062576
1.319482
1.218785
1.409851
1.202002
1.541531
1.422760
1.572514
1.384031
1.634482
1.427924
1.594461
1.396941
1.647391
1.476982
1.613826
1.581551
1.705486
1.590588
1.683539
1.489891
1.560895
1.285916
1.353047
1.225240
1.385322
1.369830
1.603498
1.585424
1.763580
1.528621
1.719686
1.469236
1.598334
1.391777
1.555732
1.382740
1.575096
1.368539
1.518293
1.396941
1.436961
1.278170
1.328519
1.189092
1.248478
1.225240
1.364666
1.187801
1.418887
1.318191
1.387904
1.223949
1.416305
1.291080
1.456326
1.212330
1.429215
1.327228
1.476982
1.367248
1.492473
1.360793
1.486018
1.353047
1.540240
1.412432
1.653846
1.819092
2.116018
1.950772
2.070834
1.884932
1.962391
1.727432
1.851367
1.531203
1.480855
1.213621
1.381449
1.284625
1.382740
1.287207
1.287207
1.119379
1.164564
1.030302
1.056121
1.004482
1.090978
1.196838
1.305281
1.216203
1.301408
1.278170
1.341428
1.298826
1.331101
1.258806
1.389195
1.043211
1.105179
0.960589
1.143908
0.990281
1.137453
1.239441
1.389195
1.342719
1.460199
1.424051
1.599625
1.547986
1.760998
1.683539
1.851367
1.700322
1.718395
1.626736
1.616408
1.469236
1.524748
1.532494
1.595752
1.420178
1.547986
1.407269
1.456326
1.427924
1.571223
1.469236
1.527330
1.471818
1.495055
1.462781
1.526039
1.478273
1.595752
1.447289
1.466654
1.445998
1.425342
1.405978
1.554441
1.562186
1.496346
1.389195
1.302699
1.294953
1.342719
1.429215
1.504092
1.422760
1.551859
1.571223
1.628027
1.475691
1.451162
1.407269
1.316900
1.222658
1.211039
1.275588
1.353047
1.196838
1.266551
1.239441
1.358211
1.276879
1.382740
1.291080
1.435670
1.399523
1.425342
1.427924
1.550568
1.544113
1.531203
1.526039
1.531203
1.493764
1.542822
1.595752
1.635772
1.520875
1.489891
1.380158
1.377576
1.279461
1.442125
1.408560
1.381449
1.460199
1.416305
1.319482
1.344010
1.403396
1.417596
1.296244
1.302699
1.221367
1.407269
1.336264
1.390486
1.394359
1.420178
1.513129
1.453744
1.483437
1.458908
1.421469
1.466654
1.367248
1.276879
1.288498
1.149072
1.159400
1.142617
1.114215
1.291080
1.243314
1.430506
1.436961
1.571223
1.604789
1.626736
1.482146
1.497637
1.470527
1.396941
1.260097
1.216203
1.358211
1.526039
1.671920
1.852658
1.869440
1.971428
1.878477
1.864276
1.751961
1.763580
1.633191
1.511838
1.353047
1.133580
0.990281
0.839236
0.733376
0.627515
0.791470
0.796634
0.872802
0.961880
1.089687
1.102597
1.292371
1.276879
1.395650
1.425342
1.547986
1.573805
1.617699
1.496346
1.554441
1.496346
1.558314
1.598334
1.595752
1.523457
1.498928
1.501510
1.515711
1.518293
1.683539
1.616408
1.689994
1.611244
1.697740
1.674502
1.622863
1.535076
1.620281
1.442125
1.456326
1.452453
1.386613
1.318191
1.263969
1.194256
1.194256
1.256224
1.283334
1.386613
1.482146
1.402105
1.462781
1.452453
1.475691
1.455035
1.338846
1.363375
1.390486
1.445998
1.517002
1.443416
1.445998
1.382740
1.471818
1.283334
1.364666
1.340137
1.445998
1.409851
1.483437
1.386613
1.430506
1.351756
1.235568
1.151654
1.159400
0.987699
1.116797
1.307863
1.599625
1.763580
1.708068
1.462781
1.453744
1.111634
1.200711
1.098724
1.314318
1.171019
1.186511
1.132289
1.129707
1.121961
1.248478
1.309154
1.438252
1.269133
1.382740
1.355629
1.389195
1.333683
1.504092
1.340137
1.498928
1.466654
1.536367
1.382740
1.342719
1.196838
1.316900
1.116797
1.293662
1.141326
1.327228
1.266551
1.382740
1.249769
1.350465
1.301408
1.390486
1.420178
1.563477
1.476982
1.599625
1.444707
1.504092
1.282043
1.456326
1.471818
1.616408
1.465363
1.689994
1.557023
1.611244
1.457617
1.571223
1.360793
1.549277
1.316900
1.405978
1.249769
1.309154
1.278170
1.350465
1.202002
1.242023
1.034175
1.189092
1.031593
1.236859
1.098724
1.402105
1.351756
1.540240
1.373703
1.467945
1.316900
1.385322
1.140035
1.398232
1.226531
1.513129
1.239441
1.458908
1.204584
1.412432
1.220076
1.347883
1.232986
1.453744
1.347883
1.618990
1.405978
1.602207
1.385322
1.431797
1.195547
1.464072
1.310445
1.445998
1.324646
1.577678
1.368539
1.616408
1.216203
1.529912
1.344010
1.483437
1.323355
1.427924
1.220076
1.411141
1.109052
1.378867
1.134871
1.387904
1.185220
1.426633
1.337555
1.575096
1.344010
1.506674
1.242023
1.447289
1.220076
1.429215
1.137453
1.422760
1.234277
1.597043
1.334974
1.624154
1.309154
1.560895
1.344010
1.536367
1.270424
1.453744
1.340137
1.524748
1.266551
1.452453
1.294953
1.555732
1.310445
1.467945
1.134871
1.294953
1.092269
1.417596
1.176183
1.440834
1.260097
1.501510
1.273006
1.505383
1.328519
1.526039
1.334974
1.488600
1.178765
1.309154
1.186511
1.449871
1.160691
1.483437
1.236859
1.495055
1.265260
1.576387
1.424051
1.651264
1.434379
1.637063
1.327228
1.542822
1.439543
1.675793
1.434379
1.699031
1.438252
1.644809
1.329810
1.622863
1.367248
1.489891
1.195547
1.398232
1.106470
1.347883
1.078068
1.342719
1.076777
1.342719
1.180056
1.510547
1.176183
1.424051
1.121961
1.400814
1.243314
1.555732
1.393068
1.554441
1.402105
1.750670
1.458908
1.686121
1.415014
1.609953
1.195547
1.387904
1.076777
1.456326
1.405978
1.975301
1.804891
2.094071
1.671920
1.856531
1.536367
1.705486
1.309154
1.560895
1.280752
1.593170
1.310445
1.479564
1.123252
1.244605
0.958007
1.036757
0.755322
0.848273
0.730794
0.994154
0.861183
1.289789
1.105179
1.488600
1.227822
1.567350
1.418887
1.657719
1.479564
1.713231
1.478273
1.781654
1.535076
1.847494
1.613826
1.835875
1.586715
1.659010
1.405978
1.517002
1.300117
1.538949
1.216203
1.453744
1.296244
1.460199
1.245896
1.349174
1.132289
1.404687
1.147781
1.435670
1.165855
1.475691
1.223949
1.497637
1.398232
1.560895
1.507965
1.745506
1.621572
1.775199
1.426633
1.531203
1.226531
1.453744
1.282043
1.582842
1.200711
1.426633
1.191674
1.435670
1.172310
1.466654
1.315609
1.506674
1.323355
1.510547
1.390486
1.687412
1.407269
1.699031
1.408560
1.659010
1.329810
1.624154
1.360793
1.720977
1.251060
1.531203
1.164564
1.483437
1.244605
1.578969
1.258806
1.455035
1.163273
1.461490
1.316900
1.566059
1.402105
1.692576
1.350465
1.585424
1.328519
1.572514
1.349174
1.635772
1.483437
1.537658
1.371121
1.542822
1.243314
1.549277
1.267842
1.457617
1.261388
1.420178
1.209748
1.568641
1.362084
1.540240
1.356920
1.515711
1.174892
1.386613
1.118088
1.413723
1.190383
1.567350
1.305281
1.630609
1.519584
1.701613
1.427924
1.683539
1.293662
1.486018
1.364666
1.581551
1.367248
1.664174
1.455035
1.862985
1.744215
2.042432
1.905588
2.099235
1.748088
1.874604
1.572514
1.755834
1.372412
1.595752
1.194256
1.360793
1.017392
1.248478
1.058703
1.260097
1.022556
1.138744
0.956716
1.220076
1.032884
1.306572
1.093560
1.434379
1.248478
1.373703
1.236859
1.418887
1.118088
1.381449
1.309154
1.618990
1.434379
1.621572
1.466654
1.714522
1.502801
1.553150
1.395650
1.476982
1.223949
1.518293
1.327228
1.523457
1.217494
1.484728
1.393068
1.664174
1.520875
1.680957
1.367248
1.571223
1.260097
1.527330
1.274297
1.578969
1.275588
1.560895
1.234277
1.416305
1.203293
1.447289
1.198129
1.347883
1.069031
1.260097
0.952843
1.176183
0.968334
1.313027
1.190383
1.536367
1.306572
1.389195
1.069031
1.307863
1.072904
1.222658
0.987699
1.176183
1.185220
1.421469
1.368539
1.526039
1.550568
1.753252
1.572514
1.785526
1.753252
1.772617
1.547986
1.544113
1.319482
1.483437
1.514420
1.806182
1.611244
1.813928
1.653846
1.735178
1.448580
1.555732
1.298826
1.533785
1.386613
1.643518
1.557023
1.661592
1.528621
1.588006
1.356920
1.448580
1.417596
1.646100
1.492473
1.653846
1.408560
1.593170
1.234277
1.399523
1.190383
1.449871
1.400814
1.652555
1.736469
2.100526
2.003703
2.029522
1.771326
1.895260
1.642227
1.704195
1.452453
1.622863
1.434379
1.602207
1.430506
1.624154
1.389195
1.453744
0.998027
0.907658
0.621060
0.779851
0.720466
0.794052
0.828908
1.013519
1.132289
1.549277
1.575096
1.793272
1.594461
1.547986
1.243314
1.322064
1.217494
1.279461
1.262678
1.407269
1.273006
1.426633
1.391777
1.456326
1.416305
1.651264
1.522166
1.639645
1.438252
1.498928
1.403396
1.431797
1.393068
1.550568
1.351756
1.518293
1.354338
1.562186
1.365957
1.609953
1.474400
1.606080
1.466654
1.600916
1.470527
1.431797
1.288498
1.293662
1.245896
1.285916
1.338846
1.448580
1.457617
1.489891
1.429215
1.593170
1.473109
1.598334
1.520875
1.573805
1.346592
1.489891
1.418887
1.819092
1.857822
2.014030
2.051469
2.077289
2.007576
1.833293
1.630609
1.624154
1.408560
1.453744
1.362084
1.359502
1.262678
1.186511
1.160691
1.150363
1.181347
1.192965
1.177474
1.225240
1.096142
1.169728
1.159400
1.220076
1.140035
1.196838
1.152945
1.254933
1.218785
1.378867
1.271715
1.413723
1.331101
1.351756
1.275588
1.353047
1.320773
1.256224
1.382740
1.368539
1.378867
1.435670
1.461490
1.466654
1.425342
1.467945
1.488600
1.431797
1.444707
1.488600
1.402105
1.393068
1.289789
1.409851
1.275588
1.356920
1.238150
1.373703
1.389195
1.478273
1.473109
1.551859
1.474400
1.448580
1.452453
1.545404
1.435670
1.519584
1.443416
1.456326
1.307863
1.254933
1.239441
1.346592
1.220076
1.178765
1.079359
1.152945
1.238150
1.261388
1.256224
1.271715
1.362084
1.226531
1.315609
1.377576
1.467945
1.488600
1.662883
1.701613
1.635772
1.507965
1.418887
1.440834
1.353047
1.367248
1.457617
1.609953
1.678375
1.638354
1.628027
1.644809
1.545404
1.524748
1.504092
1.412432
1.374994
1.337555
1.363375
1.457617
1.715813
1.848785
1.857822
1.793272
1.781654
1.677084
1.784235
1.555732
1.505383
1.324646
1.331101
1.260097
1.199420
1.052248
1.017392
1.000609
1.063867
1.143908
1.251060
1.368539
1.411141
1.436961
1.520875
1.413723
1.517002
1.523457
1.567350
1.560895
1.621572
1.693867
1.730014
1.506674
1.364666
0.973498
0.766941
0.596531
0.695937
0.761777
0.825035
0.941224
1.067740
1.129707
1.248478
1.165855
1.132289
1.009646
1.121961
1.110343
1.243314
1.340137
1.445998
1.438252
1.562186
1.555732
1.660301
1.476982
1.683539
1.564768
1.612535
1.444707
1.591879
1.554441
1.675793
1.595752
1.771326
1.651264
1.585424
1.442125
1.527330
1.324646
1.524748
1.480855
1.586715
1.398232
1.595752
1.443416
1.559605
1.337555
1.442125
1.355629
1.438252
1.291080
1.505383
1.319482
1.456326
1.310445
1.380158
1.271715
1.309154
1.251060
1.285916
1.049666
1.234277
1.169728
1.309154
1.214912
1.462781
1.324646
1.633191
1.535076
1.710649
1.449871
1.501510
1.291080
1.484728
1.222658
1.398232
1.238150
1.389195
1.195547
1.413723
1.123252
1.334974
1.101306
1.359502
1.120670
1.346592
1.173601
1.471818
1.230404
1.496346
1.346592
1.671920
1.424051
1.679666
1.377576
1.547986
1.273006
1.380158
1.066449
1.355629
1.207166
1.438252
1.216203
1.466654
1.301408
1.451162
1.309154
1.535076
1.274297
1.593170
1.417596
1.505383
1.327228
1.546695
1.280752
1.507965
1.298826
1.526039
1.212330
1.498928
1.271715
1.622863
1.394359
1.630609
1.395650
1.492473
1.338846
1.541531
1.329810
1.594461
1.346592
1.536367
1.256224
1.540240
1.398232
1.648682
1.427924
1.608662
1.200711
1.271715
1.013519
1.291080
1.049666
1.396941
1.208457
1.462781
1.247187
1.439543
1.337555
1.431797
1.251060
1.458908
1.275588
1.496346
1.313027
1.435670
1.212330
1.287207
1.052248
1.244605
1.146490
1.541531
1.341428
1.492473
1.130998
1.333683
1.168437
1.363375
1.267842
1.452453
1.301408
1.547986
1.385322
1.664174
1.510547
1.659010
1.416305
1.613826
1.374994
1.476982
1.164564
1.369830
1.102597
1.340137
1.305281
1.715813
1.775199
1.953354
1.739051
1.882350
1.576387
1.808764
1.536367
1.745506
1.332392
1.500219
1.132289
1.093560
0.667535
0.883130
0.635261
0.937351
0.859892
1.269133
1.280752
1.555732
1.386613
1.513129
1.373703
1.502801
1.284625
1.447289
1.156818
1.413723
1.238150
1.519584
1.262678
1.372412
1.239441
1.452453
1.346592
1.526039
1.395650
1.664174
1.415014
1.741633
1.611244
2.002412
1.656428
1.706777
1.212330
1.318191
1.121961
1.293662
1.016101
1.376285
1.319482
1.594461
1.358211
1.719686
1.461490
1.637063
1.256224
1.544113
1.282043
1.403396
1.214912
1.549277
1.377576
1.631900
1.269133
1.576387
1.229113
1.448580
1.362084
1.760998
1.687412
2.081162
1.807473
2.156039
1.771326
1.983047
1.576387
1.782945
1.471818
1.599625
1.338846
1.451162
0.994154
1.026429
0.577167
0.752740
0.606859
0.804380
0.606859
1.040629
0.982535
1.314318
1.222658
1.466654
1.337555
1.635772
1.336264
1.669338
1.390486
1.748088
1.479564
1.824256
1.480855
1.759707
1.425342
1.710649
1.332392
1.563477
1.292371
1.656428
1.373703
1.664174
1.341428
1.686121
1.488600
1.664174
1.416305
1.699031
1.502801
1.722268
1.373703
1.547986
1.438252
1.546695
1.263969
1.448580
1.244605
1.435670
1.234277
1.523457
1.274297
1.345301
1.182638
1.436961
1.084523
1.409851
1.238150
1.563477
1.359502
1.593170
1.365957
1.550568
1.409851
1.506674
1.345301
1.608662
1.467945
1.795854
1.505383
1.720977
1.399523
1.609953
1.355629
1.573805
1.390486
1.660301
1.418887
1.655137
1.591879
1.790690
1.427924
1.482146
1.124543
1.337555
1.213621
1.473109
1.288498
1.522166
1.389195
1.529912
1.276879
1.535076
1.404687
1.567350
1.480855
1.718395
1.545404
1.600916
1.323355
1.418887
1.279461
1.478273
1.345301
1.546695
1.315609
1.467945
1.204584
1.429215
1.142617
1.345301
1.173601
1.309154
1.344010
1.524748
1.353047
1.483437
1.342719
1.451162
1.195547
1.381449
1.271715
1.524748
1.480855
1.686121
1.399523
1.559605
1.278170
1.493764
1.231695
1.427924
1.327228
1.451162
1.431797
1.580260
1.451162
1.677084
1.451162
1.607371
1.328519
1.504092
1.328519
1.475691
1.307863
1.517002
1.347883
1.369830
1.311736
1.476982
1.431797
1.655137
1.470527
1.646100
1.374994
1.533785
1.315609
1.560895
1.407269
1.590588
1.413723
1.629318
1.461490
1.664174
1.511838
1.602207
1.457617
1.404687
1.307863
1.296244
1.226531
1.393068
1.267842
1.389195
1.293662
1.646100
1.746797
1.958518
1.972719
2.127637
1.970137
1.994666
1.656428
1.745506
1.409851
1.467945
1.332392
1.573805
1.305281
1.262678
1.089687
1.065158
0.661081
0.773396
0.726921
0.967043
0.899912
0.941224
0.964461
1.278170
1.307863
1.429215
1.448580
1.580260
1.478273
1.557023
1.439543
1.431797
1.267842
1.385322
1.239441
1.429215
1.469236
1.651264
1.532494
1.599625
1.394359
1.377576
1.409851
1.449871
1.395650
1.412432
1.351756
1.336264
1.399523
1.409851
1.336264
1.389195
1.445998
1.421469
1.427924
1.510547
1.415014
1.415014
1.202002
1.195547
1.152945
1.238150
1.363375
1.563477
1.533785
1.688703
1.673211
1.697740
1.620281
1.586715
1.475691
1.435670
1.470527
1.487309
1.495055
1.412432
1.409851
1.322064
1.305281
1.371121
1.364666
1.451162
1.431797
1.433088
1.382740
1.371121
1.367248
1.416305
1.393068
1.440834
1.566059
1.519584
1.547986
1.482146
1.518293
1.367248
1.427924
1.435670
1.560895
1.536367
1.493764
1.436961
1.336264
1.310445
1.217494
1.289789
1.194256
1.057412
1.007064
0.992863
0.986408
0.983826
1.023847
1.093560
1.189092
1.261388
1.448580
1.380158
1.537658
1.599625
1.648682
1.562186
1.597043
1.586715
1.732596
1.674502
1.697740
1.553150
1.493764
1.518293
1.585424
1.479564
1.457617
1.416305
1.451162
1.495055
1.656428
1.558314
1.624154
1.575096
1.453744
1.253642
1.302699
1.243314
1.226531
1.147781
1.269133
1.332392
1.435670
1.434379
1.491182
1.483437
1.486018
1.212330
1.354338
1.244605
1.377576
1.318191
1.429215
1.243314
1.387904
1.222658
1.360793
1.289789
1.464072
1.554441
1.723559
1.683539
1.537658
1.198129
1.132289
0.952843
1.092269
0.927023
1.214912
1.121961
1.256224
1.199420
1.391777
1.169728
1.380158
1.288498
1.464072
1.306572
1.486018
1.238150
1.405978
1.123252
1.369830
1.276879
1.506674
1.338846
1.492473
1.316900
1.402105
1.287207
1.449871
1.222658
1.307863
1.199420
1.287207
1.161982
1.355629
1.158109
1.296244
1.121961
1.283334
1.041920
1.331101
1.208457
1.527330
1.324646
1.489891
1.223949
1.511838
1.260097
1.560895
1.328519
1.639645
1.479564
1.670629
1.451162
1.649973
1.372412
1.651264
1.424051
1.697740
1.417596
1.660301
1.382740
1.560895
1.208457
1.449871
1.349174
1.529912
1.257515
1.461490
1.332392
1.480855
1.182638
1.483437
1.322064
1.659010
1.461490
1.693867
1.279461
1.573805
1.421469
1.652555
1.407269
1.594461
1.296244
1.458908
1.069031
1.194256
0.947679
1.198129
1.088396
1.551859
1.386613
1.564768
1.305281
1.515711
1.146490
1.440834
1.239441
1.449871
1.128416
1.426633
1.158109
1.473109
1.327228
1.599625
1.328519
1.591879
1.217494
1.413723
1.267842
1.620281
1.384031
1.562186
1.293662
1.588006
1.328519
1.599625
1.301408
1.571223
1.287207
1.407269
1.120670
1.420178
1.152945
1.436961
1.220076
1.420178
1.120670
1.355629
1.251060
1.542822
1.364666
1.470527
1.262678
1.457617
1.251060
1.509256
1.313027
1.515711
1.247187
1.546695
1.464072
1.755834
1.429215
1.711940
1.427924
1.692576
1.377576
1.652555
1.319482
1.591879
1.236859
1.456326
1.199420
1.471818
1.229113
1.526039
1.302699
1.569932
1.429215
1.754543
1.511838
1.586715
1.305281
1.486018
1.204584
1.399523
1.066449
1.604789
1.630609
2.103108
1.901715
2.103108
1.824256
1.976592
1.515711
1.695158
1.399523
1.702904
1.331101
1.568641
1.266551
1.501510
1.207166
1.347883
1.016101
1.214912
1.123252
1.331101
1.189092
1.329810
1.141326
1.329810
0.954134
0.888293
0.519072
0.821162
0.628806
0.956716
0.734667
1.258806
1.142617
1.458908
1.262678
1.564768
1.287207
1.591879
1.344010
1.740342
1.313027
1.662883
1.421469
1.689994
1.439543
1.621572
1.460199
1.745506
1.544113
1.785526
1.577678
1.853949
1.575096
1.671920
1.408560
1.629318
1.313027
1.608662
1.373703
1.594461
1.257515
1.591879
1.315609
1.655137
1.227822
1.402105
1.138744
1.575096
1.549277
2.073416
1.802309
1.955936
1.431797
1.471818
1.174892
1.394359
1.112924
1.430506
1.203293
1.524748
1.149072
1.422760
1.158109
1.466654
1.173601
1.436961
1.245896
1.613826
1.251060
1.526039
1.358211
1.586715
1.258806
1.591879
1.420178
1.670629
1.349174
1.540240
1.121961
1.455035
1.254933
1.844912
1.832002
2.273518
1.917207
2.140547
1.603498
1.547986
0.903785
0.932187
0.671408
0.874093
0.853437
1.158109
0.871511
1.173601
0.992863
1.314318
1.069031
1.363375
1.183929
1.353047
1.192965
1.602207
1.371121
1.647391
1.442125
1.680957
1.443416
1.689994
1.513129
1.660301
1.467945
1.631900
1.333683
1.702904
1.647391
1.706777
1.300117
1.467945
1.279461
1.482146
1.220076
1.479564
1.223949
1.491182
1.249769
1.493764
1.205875
1.458908
1.254933
1.474400
1.207166
1.445998
1.203293
1.431797
1.248478
1.546695
1.429215
1.711940
1.526039
1.684830
1.372412
1.625445
1.316900
1.582842
1.513129
1.883641
1.753252
2.037268
1.833293
1.853949
1.675793
1.697740
1.469236
1.341428
0.936060
0.924441
0.662372
0.994154
0.924441
1.244605
1.039338
1.307863
1.185220
1.359502
1.265260
1.390486
1.180056
1.334974
1.243314
1.415014
1.261388
1.487309
1.344010
1.606080
1.546695
1.758416
1.634482
1.705486
1.566059
1.638354
1.476982
1.488600
1.249769
1.360793
1.207166
1.385322
1.368539
1.651264
1.547986
1.789399
1.652555
1.819092
1.540240
1.744215
1.435670
1.572514
1.431797
1.624154
1.448580
1.502801
1.251060
1.376285
1.232986
1.291080
1.161982
1.363375
1.374994
1.546695
1.514420
1.576387
1.479564
1.547986
1.451162
1.566059
1.252351
1.402105
1.252351
1.424051
1.307863
1.517002
1.453744
1.554441
1.333683
1.522166
1.337555
1.510547
1.445998
1.495055
1.439543
1.551859
1.435670
1.624154
1.380158
1.526039
1.382740
1.593170
1.476982
1.661592
1.403396
1.476982
1.271715
1.425342
1.198129
1.374994
1.222658
1.365957
1.257515
1.374994
1.183929
1.337555
1.146490
1.300117
1.270424
1.531203
1.540240
1.602207
1.509256
1.578969
1.436961
1.455035
1.306572
1.436961
1.350465
1.480855
1.345301
1.486018
1.402105
1.558314
1.456326
1.528621
1.421469
1.502801
1.416305
1.456326
1.341428
1.484728
1.458908
1.540240
1.497637
1.564768
1.474400
1.547986
1.546695
1.656428
1.511838
1.615117
1.493764
1.603498
1.526039
1.562186
1.515711
1.447289
1.402105
1.356920
1.347883
1.405978
1.429215
1.488600
1.359502
1.283334
1.120670
1.159400
1.049666
1.121961
1.053539
1.102597
1.032884
1.212330
1.258806
1.445998
1.333683
1.445998
1.408560
1.358211
1.367248
1.402105
1.449871
1.511838
1.504092
1.479564
1.536367
1.438252
1.433088
1.467945
1.325937
1.209748
1.177474
1.266551
1.273006
1.416305
1.513129
1.526039
1.606080
1.576387
1.462781
1.409851
1.416305
1.493764
1.622863
1.547986
1.569932
1.480855
1.403396
1.374994
1.403396
1.385322
1.301408
1.229113
1.173601
1.274297
1.378867
1.328519
1.381449
1.279461
1.314318
1.359502
1.270424
1.267842
1.285916
1.314318
1.256224
1.331101
1.496346
1.404687
1.455035
1.483437
1.430506
1.482146
1.555732
1.510547
1.560895
1.498928
1.526039
1.501510
1.479564
1.487309
1.458908
1.464072
1.607371
1.572514
1.638354
1.580260
1.643518
1.436961
1.417596
1.262678
1.353047
1.252351
1.398232
1.547986
1.541531
1.502801
1.568641
1.484728
1.493764
1.439543
1.489891
1.452453
1.445998
1.365957
1.396941
1.195547
1.289789
1.165855
1.266551
1.190383
1.338846
1.275588
1.389195
1.253642
1.399523
1.354338
1.395650
1.251060
1.262678
1.143908
1.258806
1.243314
1.544113
1.542822
1.717104
1.671920
1.702904
1.602207
1.586715
1.159400
1.096142
0.892166
0.890875
0.876675
1.076777
1.145199
1.318191
1.296244
1.487309
1.528621
1.649973
1.646100
1.692576
1.642227
1.811346
1.665465
1.791981
1.502801
1.573805
1.424051
1.531203
1.331101
1.399523
1.223949
1.236859
1.109052
1.251060
1.258806
1.417596
1.227822
1.404687
1.223949
1.395650
1.127125
1.164564
1.204584
1.440834
1.252351
1.192965
1.132289
1.164564
1.111634
1.244605
1.191674
1.403396
1.337555
1.445998
1.294953
1.349174
1.296244
1.376285
1.154236
1.386613
1.347883
1.566059
1.332392
1.476982
1.287207
1.381449
1.211039
1.395650
1.271715
1.363375
1.155527
1.372412
1.300117
1.562186
1.495055
1.704195
1.564768
1.629318
1.422760
1.541531
1.340137
1.448580
1.275588
1.377576
1.067740
1.242023
1.132289
1.426633
1.407269
1.607371
1.404687
1.547986
1.294953
1.372412
1.207166
1.457617
1.305281
1.558314
1.294953
1.555732
1.256224
1.600916
1.385322
1.639645
1.407269
1.594461
1.337555
1.510547
1.240732
1.533785
1.273006
1.630609
1.411141
1.616408
1.390486
1.626736
1.415014
1.509256
1.285916
1.393068
1.194256
1.385322
1.244605
1.377576
1.242023
1.416305
1.260097
1.351756
1.169728
1.340137
1.167146
1.390486
1.229113
1.546695
1.411141
1.510547
1.256224
1.372412
1.230404
1.453744
1.266551
1.402105
1.129707
1.345301
1.220076
1.581551
1.230404
1.386613
1.142617
1.387904
1.217494
1.501510
1.369830
1.562186
1.282043
1.492473
1.333683
1.604789
1.309154
1.522166
1.283334
1.551859
1.294953
1.563477
1.164564
1.416305
1.155527
1.505383
1.311736
1.638354
1.413723
1.695158
1.507965
1.573805
1.390486
1.597043
1.242023
1.399523
1.190383
1.399523
1.169728
1.460199
1.231695
1.407269
1.165855
1.349174
1.147781
1.300117
1.146490
1.434379
1.092269
1.351756
1.303990
1.502801
1.333683
1.486018
1.307863
1.482146
1.146490
1.354338
1.164564
1.462781
1.261388
1.665465
1.424051
1.704195
1.493764
1.731305
1.400814
1.682248
1.554441
1.964973
1.816510
1.914625
1.475691
1.572514
1.238150
1.409851
1.065158
1.344010
1.156818
1.476982
1.216203
1.495055
1.171019
1.351756
1.052248
1.405978
1.225240
1.647391
1.364666
1.661592
1.309154
1.577678
1.493764
1.954645
1.718395
1.921080
1.625445
1.828129
1.602207
1.750670
1.460199
1.633191
1.316900
1.564768
1.316900
1.562186
1.276879
1.443416
1.278170
1.457617
1.130998
1.334974
1.152945
1.372412
1.094851
1.421469
1.030302
1.345301
1.062576
1.425342
1.164564
1.496346
1.252351
1.544113
1.328519
1.723559
1.307863
1.476982
1.169728
1.305281
0.958007
0.960589
0.689482
0.806962
0.627515
0.925732
0.741121
1.017392
0.871511
1.231695
1.100015
1.470527
1.318191
1.628027
1.384031
1.588006
1.396941
1.686121
1.340137
1.589297
1.351756
1.674502
1.319482
1.606080
1.488600
1.835875
1.689994
1.979174
1.717104
2.017903
1.647391
1.834584
1.495055
1.631900
1.344010
1.618990
1.393068
1.524748
1.345301
1.518293
1.316900
1.550568
1.288498
1.557023
1.360793
1.538949
1.355629
1.615117
1.458908
1.669338
1.294953
1.557023
1.541531
2.021776
1.804891
2.001121
1.695158
1.875895
1.595752
1.665465
1.180056
1.301408
0.968334
1.243314
0.959298
1.226531
1.018683
1.232986
1.072904
1.323355
1.072904
1.377576
1.105179
1.412432
1.116797
1.513129
1.212330
1.616408
1.344010
1.608662
1.323355
1.723559
1.594461
1.941735
1.693867
1.846203
1.474400
1.648682
1.411141
1.659010
1.363375
1.651264
1.364666
1.616408
1.338846
1.598334
1.420178
1.757125
1.487309
1.671920
1.350465
1.529912
1.213621
1.455035
1.213621
1.480855
1.240732
1.524748
1.192965
1.456326
1.154236
1.436961
1.178765
1.434379
1.194256
1.513129
1.351756
1.513129
1.331101
1.554441
1.404687
1.653846
1.320773
1.635772
1.413723
1.710649
1.471818
1.639645
1.340137
1.569932
1.279461
1.515711
1.227822
1.537658
1.249769
1.545404
1.229113
1.456326
1.200711
1.429215
1.141326
1.425342
1.202002
1.464072
1.256224
1.470527
1.262678
1.409851
1.209748
1.576387
1.344010
1.591879
1.367248
1.502801
1.222658
1.431797
1.183929
1.514420
1.303990
1.489891
1.038047
1.152945
0.870220
1.062576
0.907658
1.238150
1.106470
1.328519
1.205875
1.449871
1.212330
1.529912
1.340137
1.638354
1.347883
1.569932
1.389195
1.633191
1.440834
1.581551
1.598334
1.719686
1.465363
1.479564
1.345301
1.568641
1.541531
1.730014
1.588006
1.736469
1.656428
1.917207
1.811346
2.078580
1.786817
1.941735
1.670629
1.802309
1.517002
1.599625
1.340137
1.594461
1.377576
1.603498
1.518293
1.736469
1.436961
1.631900
1.324646
1.544113
1.207166
1.440834
1.079359
1.222658
1.019974
1.190383
1.070322
1.243314
1.230404
1.427924
1.301408
1.536367
1.329810
1.475691
1.229113
1.390486
1.081941
1.103888
0.870220
0.972207
0.959298
1.147781
1.047084
1.282043
1.337555
1.573805
1.426633
1.727432
1.611244
1.763580
1.615117
1.770035
1.724850
1.817801
1.609953
1.828129
1.649973
1.826838
1.644809
1.790690
1.633191
1.815219
1.544113
1.620281
1.369830
1.435670
1.320773
1.476982
1.248478
1.395650
1.283334
1.532494
1.362084
1.606080
1.478273
1.674502
1.413723
1.569932
1.341428
1.457617
1.235568
1.452453
1.378867
1.400814
1.309154
1.473109
1.327228
1.471818
1.236859
1.396941
1.192965
1.378867
1.213621
1.354338
1.146490
1.400814
1.367248
1.394359
1.251060
1.473109
1.438252
1.633191
1.582842
1.763580
1.598334
1.693867
1.528621
1.535076
1.381449
1.487309
1.310445
1.371121
1.142617
1.301408
1.203293
1.270424
1.182638
1.278170
1.101306
1.323355
1.302699
1.505383
1.460199
1.598334
1.466654
1.567350
1.430506
1.557023
1.483437
1.571223
1.515711
1.585424
1.452453
1.449871
1.313027
1.314318
1.181347
1.349174
1.242023
1.417596
1.227822
1.344010
1.282043
1.429215
1.293662
1.394359
1.359502
1.615117
1.489891
1.580260
1.412432
1.513129
1.448580
1.518293
1.378867
1.506674
1.371121
1.584133
1.443416
1.580260
1.371121
1.358211
1.213621
1.402105
1.296244
1.421469
1.226531
1.294953
1.325937
1.347883
1.372412
1.376285
1.310445
1.429215
1.362084
1.483437
1.493764
1.719686
1.608662
1.798436
1.705486
1.793272
1.682248
1.693867
1.612535
1.748088
1.602207
1.790690
1.692576
1.745506
1.391777
1.471818
1.238150
1.280752
1.102597
1.298826
1.155527
1.287207
1.199420
1.287207
1.278170
1.353047
1.167146
1.258806
1.279461
1.399523
1.411141
1.576387
1.509256
1.635772
1.569932
1.719686
1.582842
1.666756
1.553150
1.560895
1.417596
1.424051
1.293662
1.293662
1.223949
1.310445
1.220076
1.283334
1.313027
1.336264
1.461490
1.661592
1.830711
1.895260
1.897842
1.733887
1.625445
1.562186
1.519584
1.515711
1.368539
1.473109
1.282043
1.364666
1.364666
1.384031
1.341428
1.381449
1.177474
1.275588
1.199420
1.229113
1.165855
1.142617
0.889584
0.796634
0.748867
0.799216
0.927023
0.942515
0.973498
1.107761
1.078068
1.226531
1.232986
1.418887
1.417596
1.412432
1.511838
1.523457
1.519584
1.584133
1.538949
1.445998
1.362084
1.395650
1.365957
1.413723
1.368539
1.380158
1.403396
1.453744
1.358211
1.458908
1.430506
1.451162
1.498928
1.537658
1.438252
1.389195
1.365957
1.431797
1.466654
1.577678
1.554441
1.529912
1.529912
1.461490
1.439543
1.513129
1.451162
1.562186
1.506674
1.517002
1.501510
1.505383
1.368539
1.347883
1.253642
1.225240
1.252351
1.200711
1.273006
1.294953
1.314318
1.341428
1.344010
1.350465
1.418887
1.417596
1.528621
1.555732
1.684830
1.656428
1.600916
1.554441
1.616408
1.544113
1.531203
1.628027
1.536367
1.474400
1.435670
1.421469
1.412432
1.253642
1.270424
1.232986
1.194256
1.071613
1.075486
1.012228
1.142617
1.165855
1.230404
1.262678
1.203293
1.203293
1.220076
1.189092
1.294953
1.353047
1.541531
1.411141
1.487309
1.478273
1.495055
1.486018
1.520875
1.518293
1.514420
1.438252
1.478273
1.444707
1.408560
1.349174
1.360793
1.386613
1.461490
1.444707
1.576387
1.551859
1.584133
1.598334
1.547986
1.493764
1.514420
1.372412
1.369830
1.318191
1.275588
1.138744
1.189092
1.324646
1.586715
1.770035
1.953354
1.948190
2.023067
1.856531
1.839748
1.799727
1.781654
1.749379
1.603498
1.559605
1.498928
1.420178
1.393068
1.322064
1.332392
1.185220
1.373703
1.230404
1.284625
1.142617
1.248478
1.159400
1.292371
1.205875
1.280752
1.177474
1.263969
1.212330
1.231695
1.251060
1.273006
0.920568
0.906367
0.871511
0.983826
0.920568
1.069031
1.127125
1.247187
1.273006
1.420178
1.336264
1.439543
1.337555
1.510547
1.384031
1.408560
1.356920
1.427924
1.367248
1.597043
1.551859
1.622863
1.540240
1.536367
1.547986
1.465363
1.430506
1.474400
1.346592
1.471818
1.408560
1.461490
1.411141
1.507965
1.590588
1.744215
1.735178
1.742924
1.630609
1.588006
1.526039
1.486018
1.269133
1.346592
1.232986
1.314318
1.283334
1.395650
1.269133
1.293662
1.316900
1.567350
1.751961
2.003703
2.014030
2.064379
1.785526
1.682248
1.434379
1.491182
1.176183
1.047084
0.800507
0.755322
0.683027
0.788888
0.814707
1.005773
0.885712
1.112924
0.965752
1.103888
1.018683
1.160691
1.097433
1.252351
1.269133
1.445998
1.337555
1.528621
1.431797
1.599625
1.498928
1.647391
1.505383
1.520875
1.323355
1.409851
1.347883
1.449871
1.393068
1.533785
1.424051
1.562186
1.373703
1.443416
1.344010
1.451162
1.442125
1.595752
1.533785
1.714522
1.687412
1.806182
1.572514
1.657719
1.408560
1.447289
1.256224
1.355629
1.199420
1.442125
1.436961
1.514420
1.213621
1.356920
1.125834
1.362084
1.168437
1.387904
1.313027
1.540240
1.394359
1.533785
1.434379
1.568641
1.296244
1.399523
1.186511
1.275588
1.143908
1.364666
1.266551
1.360793
1.230404
1.384031
1.186511
1.293662
1.103888
1.297535
1.069031
1.309154
1.178765
1.504092
1.273006
1.528621
1.350465
1.518293
1.229113
1.373703
1.218785
1.319482
1.309154
1.684830
1.693867
1.975301
1.733887
1.830711
1.630609
1.722268
1.495055
1.630609
1.356920
1.473109
1.344010
1.480855
1.345301
1.465363
1.149072
1.092269
0.773396
0.910240
0.717884
0.943806
0.955425
1.186511
1.075486
1.378867
1.102597
1.391777
1.344010
1.696449
1.452453
1.739051
1.364666
1.540240
1.205875
1.310445
1.192965
1.373703
1.267842
1.744215
1.670629
2.072125
1.892678
2.136674
1.833293
2.023067
1.720977
1.666756
1.222658
1.296244
0.963170
1.016101
0.888293
1.109052
0.880548
1.226531
1.123252
1.238150
1.056121
1.377576
1.252351
1.531203
1.347883
1.571223
1.391777
1.471818
1.217494
1.436961
1.159400
1.311736
1.094851
1.393068
1.218785
1.510547
1.342719
1.489891
1.329810
1.501510
1.288498
1.582842
1.398232
1.509256
1.213621
1.416305
1.130998
1.373703
1.123252
1.434379
1.204584
1.478273
1.155527
1.442125
1.128416
1.359502
1.029011
1.298826
1.109052
1.368539
1.198129
1.566059
1.359502
1.670629
1.338846
1.572514
1.332392
1.602207
1.391777
1.745506
1.492473
1.726141
1.393068
1.599625
1.344010
1.593170
1.329810
1.497637
1.239441
1.495055
1.384031
1.652555
1.436961
1.586715
1.309154
1.449871
1.276879
1.440834
1.267842
1.421469
1.257515
1.476982
1.280752
1.420178
1.205875
1.362084
1.191674
1.319482
1.130998
1.314318
1.238150
1.652555
1.527330
1.799727
1.651264
1.705486
1.256224
1.226531
0.991572
1.111634
0.912822
1.115506
0.992863
1.387904
1.167146
1.474400
1.231695
1.519584
1.240732
1.417596
1.146490
1.288498
1.053539
1.209748
1.079359
1.378867
1.159400
1.470527
1.238150
1.591879
1.353047
1.630609
1.451162
1.696449
1.474400
1.748088
1.612535
1.768744
1.581551
1.760998
1.502801
1.701613
1.424051
1.715813
1.426633
1.688703
1.409851
1.563477
1.316900
1.586715
1.398232
1.487309
1.155527
1.427924
1.032884
1.223949
0.988990
1.257515
0.990281
1.270424
1.047084
1.279461
1.074195
1.359502
1.151654
1.460199
1.173601
1.368539
1.119379
1.403396
1.334974
1.624154
1.519584
1.785526
1.567350
1.705486
1.473109
1.670629
1.251060
1.461490
1.173601
1.471818
1.218785
1.554441
1.285916
1.578969
1.266551
1.604789
1.381449
1.624154
1.358211
1.642227
1.482146
1.839748
1.599625
1.728723
1.340137
1.616408
1.342719
1.595752
1.364666
1.699031
1.355629
1.554441
1.202002
1.476982
1.249769
1.549277
1.353047
1.612535
1.305281
1.507965
1.209748
1.338846
1.202002
1.488600
1.185220
1.470527
1.235568
1.411141
1.200711
1.358211
1.251060
1.526039
1.266551
1.517002
1.396941
1.639645
1.473109
1.673211
1.429215
1.710649
1.435670
1.621572
1.351756
1.572514
1.417596
1.585424
1.418887
1.598334
1.280752
1.549277
1.270424
1.415014
1.164564
1.429215
1.149072
1.368539
1.137453
1.313027
0.965752
1.217494
1.048375
1.235568
1.129707
1.412432
1.232986
1.492473
1.309154
1.535076
1.322064
1.491182
1.251060
1.515711
1.158109
1.430506
1.223949
1.673211
1.639645
2.074707
1.789399
1.977883
1.615117
1.873313
1.528621
1.642227
1.289789
1.581551
1.300117
1.436961
1.121961
1.371121
1.111634
1.427924
1.143908
1.384031
1.123252
1.407269
1.218785
1.399523
1.196838
1.466654
1.180056
1.489891
1.305281
1.514420
1.212330
1.415014
1.079359
1.235568
0.995445
1.293662
1.081941
1.382740
1.158109
1.365957
1.190383
1.478273
1.305281
1.529912
1.322064
1.620281
1.341428
1.368539
0.967043
1.083232
0.839236
1.084523
0.853437
1.270424
1.105179
1.416305
1.244605
1.447289
1.256224
1.526039
1.479564
2.028231
1.944317
2.300629
2.030813
2.189604
1.786817
1.971428
1.625445
1.766162
1.405978
1.648682
1.346592
1.635772
1.346592
1.678375
1.365957
1.718395
1.427924
1.720977
1.358211
1.624154
1.254933
1.457617
1.041920
1.242023
0.890875
0.986408
0.592658
0.797925
0.575876
0.994154
0.896039
1.249769
1.147781
1.580260
1.337555
1.470527
1.129707
1.433088
1.216203
1.460199
1.292371
1.576387
1.365957
1.733887
1.708068
2.223170
2.088907
2.336776
1.971428
2.110854
1.759707
1.933989
1.597043
1.768744
1.374994
1.611244
1.247187
1.520875
1.189092
1.424051
1.140035
1.434379
1.191674
1.589297
1.234277
1.537658
1.300117
1.488600
1.216203
1.442125
1.203293
1.486018
1.331101
1.644809
1.239441
1.538949
1.285916
1.504092
1.235568
1.488600
1.276879
1.444707
1.226531
1.358211
1.133580
1.265260
0.942515
1.025138
0.689482
1.021265
0.750158
1.115506
1.063867
1.442125
1.260097
1.569932
1.435670
1.566059
1.349174
1.566059
1.415014
1.706777
1.526039
1.692576
1.430506
1.745506
1.449871
1.749379
1.438252
1.693867
1.347883
1.751961
1.540240
1.868149
1.664174
1.869440
1.622863
1.864276
1.489891
1.793272
1.527330
1.715813
1.327228
1.562186
1.322064
1.563477
1.351756
1.599625
1.282043
1.555732
1.198129
1.489891
1.146490
1.380158
1.049666
1.435670
1.155527
1.471818
1.133580
1.466654
1.182638
1.434379
1.173601
1.467945
1.227822
1.575096
1.208457
1.546695
1.319482
1.598334
1.351756
1.713231
1.440834
1.671920
1.384031
1.653846
1.331101
1.505383
1.223949
1.566059
1.284625
1.578969
1.248478
1.611244
1.427924
1.906879
1.764871
2.068252
1.754543
1.801018
1.216203
1.258806
1.076777
1.245896
1.129707
1.287207
1.076777
1.248478
1.076777
1.347883
1.112924
1.391777
1.251060
1.620281
1.320773
1.602207
1.209748
1.420178
1.180056
1.523457
1.240732
1.573805
1.236859
1.514420
1.314318
1.524748
1.303990
1.501510
1.334974
1.662883
1.422760
1.758416
1.457617
1.793272
1.471818
1.661592
1.331101
1.538949
1.346592
1.696449
1.449871
1.850076
1.629318
1.834584
1.597043
1.643518
1.359502
1.613826
1.296244
1.452453
1.214912
1.649973
1.364666
1.665465
1.333683
1.529912
1.169728
1.189092
0.888293
1.249769
1.169728
1.416305
1.214912
1.513129
1.278170
1.434379
1.294953
1.514420
1.305281
1.580260
1.342719
1.616408
1.288498
1.688703
1.455035
1.733887
1.523457
2.034686
1.900424
2.090198
1.724850
1.922371
1.523457
1.646100
1.356920
1.575096
1.353047
1.593170
1.274297
1.513129
1.355629
1.602207
1.395650
1.544113
1.322064
1.507965
1.137453
1.425342
1.146490
1.484728
1.202002
1.451162
1.248478
1.487309
1.377576
1.616408
1.074195
1.061285
0.791470
0.910240
0.683027
0.965752
0.857310
1.173601
1.097433
1.467945
1.273006
1.408560
1.298826
1.597043
1.479564
1.851367
1.620281
1.906879
1.612535
1.753252
1.351756
1.567350
1.402105
1.602207
1.309154
1.611244
1.467945
1.611244
1.408560
1.602207
1.418887
1.603498
1.404687
1.615117
1.359502
1.589297
1.444707
1.977883
1.989502
2.296756
1.891387
1.939153
1.575096
1.688703
1.200711
1.149072
0.892166
1.075486
1.109052
1.457617
1.411141
1.608662
1.314318
1.549277
1.358211
1.696449
1.527330
1.687412
1.483437
1.697740
1.393068
1.260097
0.919277
1.026429
0.707556
0.969625
0.901203
1.083232
0.960589
1.213621
1.221367
1.429215
1.266551
1.532494
1.483437
1.573805
1.315609
1.510547
1.417596
1.647391
1.474400
1.708068
1.449871
1.557023
1.351756
1.456326
1.369830
1.517002
1.334974
1.435670
1.203293
1.412432
1.416305
1.804891
1.767453
1.950772
1.777781
1.972719
1.748088
1.673211
1.416305
1.489891
1.189092
1.368539
1.049666
1.234277
1.038047
1.353047
1.189092
1.350465
1.265260
1.524748
1.362084
1.492473
1.378867
1.572514
1.324646
1.478273
1.221367
1.399523
1.161982
1.356920
1.288498
1.522166
1.242023
1.487309
1.334974
1.540240
1.389195
1.606080
1.417596
1.741633
1.560895
1.884932
1.732596
1.860403
1.492473
1.604789
1.336264
1.426633
1.316900
1.452453
1.282043
1.465363
1.289789
1.595752
1.644809
1.966264
1.967555
2.060506
1.995957
2.052760
1.782945
1.791981
1.458908
1.541531
1.271715
1.332392
1.216203
1.399523
1.152945
1.324646
1.129707
1.309154
1.084523
1.324646
1.154236
1.314318
1.186511
1.393068
1.164564
1.265260
0.704974
0.761777
0.658499
0.896039
0.831490
1.181347
1.165855
1.541531
1.389195
1.578969
1.338846
1.495055
1.186511
1.377576
1.287207
1.440834
1.390486
1.586715
1.405978
1.599625
1.513129
1.675793
1.562186
1.702904
1.524748
1.562186
1.336264
1.511838
1.309154
1.553150
1.355629
1.585424
1.448580
1.542822
1.331101
1.542822
1.679666
2.055342
1.984338
2.157329
1.940444
2.029522
1.687412
1.851367
1.642227
1.748088
1.424051
1.509256
1.323355
1.427924
1.280752
1.443416
1.365957
1.474400
1.367248
1.487309
1.292371
1.391777
1.156818
1.280752
1.134871
1.207166
1.074195
1.192965
1.137453
1.263969
1.235568
1.386613
1.106470
1.093560
0.770814
0.899912
0.848273
1.138744
0.985117
1.256224
1.168437
1.362084
1.239441
1.447289
1.448580
1.662883
1.576387
1.696449
1.518293
1.612535
1.436961
1.576387
1.403396
1.487309
1.338846
1.491182
1.395650
1.529912
1.513129
1.567350
1.621572
1.683539
1.646100
1.704195
1.586715
1.696449
1.602207
1.744215
1.657719
1.781654
1.626736
1.510547
1.395650
1.359502
1.174892
1.296244
1.324646
1.426633
1.251060
1.318191
1.244605
1.364666
1.278170
1.380158
1.300117
1.413723
1.301408
1.445998
1.435670
1.564768
1.465363
1.675793
1.575096
1.643518
1.386613
1.384031
1.305281
1.316900
1.283334
1.341428
1.311736
1.393068
1.411141
1.554441
1.526039
1.656428
1.528621
1.666756
1.594461
1.621572
1.460199
1.484728
1.434379
1.559605
1.501510
1.602207
1.559605
1.545404
1.557023
1.643518
1.536367
1.633191
1.584133
1.588006
1.471818
1.566059
1.458908
1.476982
1.307863
1.316900
0.856019
0.637843
0.411921
0.562966
0.526818
0.679154
0.670117
0.797925
0.911531
1.129707
1.176183
1.430506
1.514420
1.568641
1.615117
1.695158
1.613826
1.581551
1.427924
1.502801
1.368539
1.435670
1.289789
1.417596
1.399523
1.395650
1.358211
1.465363
1.420178
1.504092
1.567350
1.495055
1.431797
1.469236
1.448580
1.629318
1.580260
1.724850
1.599625
1.532494
1.403396
1.506674
1.400814
1.426633
1.396941
1.559605
1.453744
1.495055
1.297535
1.347883
1.294953
1.327228
1.260097
1.331101
1.403396
1.447289
1.331101
1.355629
1.320773
1.452453
1.489891
1.452453
1.500219
1.364666
1.408560
1.509256
1.728723
1.944317
1.968846
1.993375
1.873313
1.874604
1.665465
1.594461
1.442125
1.403396
1.134871
0.853437
0.743703
0.667535
0.791470
0.964461
1.053539
1.154236
1.155527
1.171019
1.021265
1.161982
1.305281
1.417596
1.546695
1.586715
1.551859
1.531203
1.451162
1.518293
1.465363
1.445998
1.417596
1.411141
1.328519
1.351756
1.439543
1.510547
1.536367
1.611244
1.612535
1.540240
1.571223
1.617699
1.578969
1.651264
1.595752
1.679666
1.613826
1.630609
1.687412
1.631900
1.631900
1.557023
1.390486
1.280752
1.248478
1.178765
1.232986
1.240732
1.325937
1.309154
1.276879
1.242023
1.285916
1.213621
1.195547
1.140035
1.182638
1.252351
1.325937
1.409851
1.487309
1.435670
1.338846
1.368539
1.420178
1.358211
1.546695
1.567350
1.673211
1.563477
1.675793
1.644809
1.578969
1.452453
1.433088
1.393068
1.380158
1.298826
1.314318
1.297535
1.333683
1.331101
1.501510
1.391777
1.341428
1.296244
1.289789
1.242023
1.279461
1.342719
1.354338
1.320773
1.314318
1.300117
1.404687
1.280752
1.399523
1.442125
1.498928
1.495055
1.464072
1.429215
1.474400
1.309154
1.387904
1.331101
1.470527
1.371121
1.460199
1.300117
1.377576
1.334974
1.412432
1.434379
1.445998
1.402105
1.480855
1.473109
1.502801
1.433088
1.412432
1.354338
1.424051
1.296244
1.393068
1.315609
1.460199
1.496346
1.533785
1.447289
1.607371
1.444707
1.478273
1.368539
1.492473
1.365957
1.453744
1.270424
1.337555
1.245896
1.376285
1.248478
1.213621
1.270424
1.544113
1.529912
1.547986
1.486018
1.524748
1.373703
1.382740
1.283334
1.282043
1.185220
1.123252
1.103888
1.243314
1.222658
1.479564
1.378867
1.422760
1.363375
1.455035
1.407269
1.373703
1.288498
1.350465
1.291080
1.389195
1.399523
1.495055
1.510547
1.527330
1.444707
1.451162
1.425342
1.573805
1.426633
1.496346
1.315609
1.350465
1.222658
1.300117
1.163273
1.328519
1.435670
1.777781
1.797145
1.879768
1.551859
1.484728
1.291080
1.305281
1.192965
1.168437
1.071613
1.027720
1.061285
1.149072
1.072904
1.195547
1.169728
1.378867
1.381449
1.470527
1.373703
1.542822
1.298826
1.576387
1.395650
1.628027
1.519584
1.597043
1.305281
1.476982
1.244605
1.373703
1.297535
1.608662
1.360793
1.488600
1.254933
1.451162
1.442125
1.630609
1.395650
1.395650
1.208457
1.310445
1.265260
1.318191
1.204584
1.252351
1.133580
1.270424
1.203293
1.413723
1.225240
1.471818
1.324646
1.466654
1.369830
1.655137
1.449871
1.517002
1.332392
1.395650
1.291080
1.313027
1.203293
1.328519
1.267842
1.389195
1.307863
1.436961
1.296244
1.395650
1.342719
1.452453
1.291080
1.433088
1.311736
1.396941
1.314318
1.346592
1.235568
1.382740
1.181347
1.434379
1.247187
1.369830
1.200711
1.243314
1.083232
1.213621
1.110343
1.236859
1.133580
1.374994
1.182638
1.464072
1.399523
1.680957
1.572514
1.784235
1.483437
1.644809
1.223949
1.382740
1.121961
1.399523
1.242023
1.493764
1.355629
1.460199
1.186511
1.436961
1.411141
1.553150
1.425342
1.533785
1.328519
1.438252
1.238150
1.405978
1.309154
1.399523
1.314318
1.424051
1.362084
1.510547
1.378867
1.582842
1.336264
1.402105
1.137453
1.227822
1.168437
1.399523
1.367248
1.618990
1.544113
1.640936
1.523457
1.616408
1.458908
1.675793
1.449871
1.582842
1.351756
1.382740
1.167146
1.267842
1.072904
1.213621
1.021265
1.280752
0.998027
1.287207
1.023847
1.332392
1.261388
1.652555
1.522166
1.936571
1.966264
2.184440
2.030813
2.140547
1.810055
1.806182
1.440834
1.496346
1.280752
1.442125
1.147781
1.372412
1.067740
1.364666
1.066449
1.358211
0.964461
1.160691
1.009646
1.316900
1.123252
1.427924
1.185220
1.438252
1.207166
1.391777
1.262678
1.420178
0.990281
1.049666
0.596531
0.756613
0.547474
0.839236
0.821162
1.127125
1.057412
1.399523
1.314318
1.520875
1.310445
1.599625
1.504092
1.946899
1.899133
2.234788
2.028231
2.128928
1.745506
1.851367
1.688703
1.974010
1.670629
1.786817
1.557023
1.674502
1.449871
1.527330
1.194256
1.415014
1.071613
1.194256
0.671408
0.812126
0.684318
1.054830
0.936060
1.298826
1.116797
1.502801
1.309154
1.488600
1.275588
1.455035
1.234277
1.263969
0.937351
1.121961
0.806962
1.128416
0.907658
1.190383
1.010937
1.360793
1.151654
1.400814
1.203293
1.447289
1.192965
1.496346
1.412432
1.630609
1.506674
1.710649
1.586715
1.812637
1.599625
1.884932
1.635772
1.835875
1.555732
1.741633
1.426633
1.631900
1.365957
1.710649
1.434379
1.688703
1.243314
1.445998
1.075486
1.350465
1.147781
1.433088
1.180056
1.473109
1.186511
1.444707
1.155527
1.458908
1.134871
1.532494
1.418887
1.897842
1.768744
2.006285
1.527330
1.573805
1.112924
1.301408
1.004482
1.323355
1.072904
1.364666
1.187801
1.391777
1.181347
1.470527
1.260097
1.465363
1.244605
1.473109
1.116797
1.285916
1.059994
1.337555
1.152945
1.687412
1.671920
2.014030
1.798436
2.119891
1.852658
1.948190
1.547986
1.674502
1.151654
1.217494
0.766941
1.031593
0.715302
1.061285
0.919277
1.280752
0.998027
1.365957
1.080650
1.329810
1.100015
1.438252
1.319482
1.913334
1.900424
2.205096
1.896551
2.038559
1.656428
1.834584
1.449871
1.680957
1.444707
1.677084
1.396941
1.553150
1.276879
1.541531
1.257515
1.355629
0.861183
0.845691
0.640425
1.092269
0.889584
1.026429
0.746285
0.941224
0.777269
0.981244
0.844400
1.143908
1.155527
1.693867
1.576387
1.975301
1.696449
1.964973
1.572514
1.851367
1.526039
1.802309
1.547986
1.829420
1.431797
1.673211
1.443416
1.727432
1.528621
1.830711
1.562186
1.784235
1.386613
1.568641
1.183929
1.453744
1.247187
1.511838
1.142617
1.127125
0.763068
0.915404
0.693355
1.067740
0.795343
1.154236
1.079359
1.653846
1.660301
1.891387
1.644809
1.878477
1.563477
1.790690
1.471818
1.764871
1.384031
1.582842
1.386613
1.628027
1.474400
1.593170
1.211039
1.368539
1.107761
1.297535
1.053539
1.382740
1.016101
1.199420
0.857310
1.067740
0.822453
1.124543
0.899912
1.292371
1.038047
1.442125
1.225240
1.559605
1.354338
1.710649
1.469236
1.791981
1.528621
1.922371
1.652555
1.941735
1.600916
1.879768
1.577678
1.864276
1.828129
2.123764
1.985629
2.176694
1.794563
1.913334
1.461490
1.593170
1.283334
1.523457
1.322064
1.515711
1.372412
1.460199
1.218785
1.492473
1.244605
1.453744
1.160691
1.445998
1.101306
1.324646
1.030302
1.360793
1.063867
1.351756
1.007064
1.283334
1.072904
1.415014
1.146490
1.331101
1.230404
1.504092
1.119379
1.301408
1.118088
1.421469
1.231695
1.403396
0.999318
1.040629
0.738540
1.012228
0.730794
1.039338
0.952843
1.422760
1.234277
1.581551
1.363375
1.670629
1.431797
1.746797
1.533785
1.927535
1.638354
1.862985
1.545404
1.815219
1.422760
1.728723
1.358211
1.588006
1.253642
1.527330
1.333683
1.573805
1.334974
1.625445
1.251060
1.517002
1.196838
1.549277
1.289789
1.696449
1.473109
1.754543
1.602207
1.895260
1.607371
1.784235
1.421469
1.656428
1.407269
1.582842
1.484728
1.749379
1.425342
1.625445
1.319482
1.515711
1.089687
1.356920
1.136162
1.522166
1.244605
1.526039
1.389195
1.700322
1.430506
1.695158
1.319482
1.527330
1.147781
1.398232
1.097433
1.440834
1.147781
1.451162
1.205875
1.524748
1.253642
1.526039
1.260097
1.606080
1.292371
1.630609
1.386613
1.723559
1.415014
1.784235
1.416305
1.648682
1.360793
1.677084
1.396941
1.785526
1.507965
1.768744
1.289789
1.484728
1.123252
1.387904
1.075486
1.315609
1.150363
1.369830
1.296244
1.586715
1.374994
1.622863
1.390486
1.660301
1.405978
1.517002
1.332392
1.473109
1.186511
1.443416
1.297535
1.607371
1.306572
1.598334
1.413723
1.736469
1.431797
1.671920
1.374994
1.524748
1.247187
1.527330
1.208457
1.502801
1.172310
1.443416
1.185220
1.346592
1.019974
1.403396
1.183929
1.573805
1.349174
1.593170
1.399523
1.638354
1.484728
1.843621
1.797145
2.141838
2.017903
2.207678
1.935280
2.079871
1.709358
1.896551
1.415014
1.664174
1.384031
1.563477
1.118088
1.187801
0.942515
1.138744
0.888293
1.238150
0.963170
1.225240
0.969625
1.183929
0.956716
1.302699
1.062576
1.436961
1.151654
1.464072
1.161982
1.399523
1.154236
1.436961
0.985117
0.939933
0.693355
0.945097
0.773396
1.214912
1.093560
1.505383
1.328519
1.665465
1.440834
1.639645
1.365957
1.524748
1.405978
1.557023
1.390486
1.660301
1.606080
1.847494
1.724850
1.935280
1.740342
1.891387
1.535076
1.772617
1.475691
1.688703
1.389195
1.591879
1.212330
1.395650
1.058703
1.320773
1.123252
1.478273
1.287207
1.620281
1.378867
1.674502
1.413723
1.469236
1.207166
1.390486
1.109052
1.427924
1.322064
1.599625
1.444707
1.689994
1.513129
1.692576
1.598334
1.688703
1.546695
1.835875
1.502801
1.711940
1.588006
1.763580
1.588006
1.750670
1.505383
1.770035
1.467945
1.651264
1.267842
1.519584
1.274297
1.575096
1.254933
1.535076
1.301408
1.643518
1.327228
1.557023
1.311736
1.495055
1.262678
1.420178
1.186511
1.325937
1.087105
1.390486
1.185220
1.411141
1.298826
1.573805
1.426633
1.723559
1.404687
1.550568
1.302699
1.462781
1.159400
1.367248
1.181347
1.409851
1.191674
1.396941
1.167146
1.362084
1.200711
1.528621
1.422760
1.639645
1.513129
1.656428
1.341428
1.569932
1.291080
1.520875
1.315609
1.612535
1.403396
1.709358
1.491182
1.826838
1.637063
1.804891
1.417596
1.524748
1.287207
1.341428
1.180056
1.310445
1.243314
1.396941
1.316900
1.458908
1.362084
1.586715
1.338846
1.486018
1.161982
1.338846
1.167146
1.509256
1.340137
1.700322
1.430506
1.607371
1.307863
1.433088
1.204584
1.431797
1.324646
1.430506
1.333683
1.546695
1.411141
1.864276
1.912043
1.961100
1.531203
1.550568
1.222658
1.380158
1.173601
1.501510
1.396941
1.600916
1.285916
1.453744
1.249769
1.527330
1.412432
1.631900
1.429215
1.668047
1.655137
2.046305
1.861694
2.007576
1.731305
1.958518
1.639645
1.879768
1.593170
1.757125
1.505383
1.560895
1.431797
1.586715
1.302699
1.436961
1.190383
1.267842
1.031593
1.225240
1.096142
1.275588
1.165855
1.345301
1.018683
1.230404
1.187801
1.416305
1.334974
1.522166
1.258806
1.186511
0.933478
0.991572
0.708847
0.774687
0.752740
1.031593
0.907658
1.109052
1.003191
1.258806
1.089687
1.338846
1.421469
1.606080
1.568641
1.581551
1.595752
1.732596
1.671920
1.680957
1.526039
1.664174
1.630609
1.687412
1.575096
1.687412
1.576387
1.668047
1.447289
1.562186
1.369830
1.476982
1.289789
1.473109
1.376285
1.425342
1.363375
1.630609
1.547986
1.701613
1.588006
1.700322
1.476982
1.603498
1.418887
1.588006
1.382740
1.643518
1.531203
1.656428
1.438252
1.589297
1.429215
1.407269
1.222658
1.306572
1.181347
1.256224
1.149072
1.288498
1.218785
1.427924
1.331101
1.492473
1.267842
1.422760
1.244605
1.439543
1.252351
1.482146
1.368539
1.500219
1.323355
1.415014
1.344010
1.356920
1.263969
1.394359
1.311736
1.435670
1.403396
1.553150
1.480855
1.615117
1.648682
1.735178
1.567350
1.473109
1.328519
1.422760
1.298826
1.439543
1.311736
1.524748
1.354338
1.465363
1.381449
1.391777
1.311736
1.431797
1.271715
1.382740
1.282043
1.320773
1.309154
1.411141
1.334974
1.385322
1.285916
1.426633
1.351756
1.504092
1.364666
1.533785
1.391777
1.588006
1.621572
1.837166
1.740342
1.853949
1.804891
1.700322
1.483437
1.511838
1.529912
1.532494
1.398232
1.377576
1.344010
1.358211
1.359502
1.415014
1.310445
1.389195
1.247187
1.400814
1.420178
1.584133
1.578969
1.679666
1.577678
1.697740
1.633191
1.633191
1.545404
1.526039
1.396941
1.473109
1.334974
1.372412
1.218785
1.261388
1.074195
1.062576
1.089687
1.043211
1.124543
1.207166
1.285916
1.448580
1.529912
1.706777
1.660301
1.612535
1.554441
1.544113
1.436961
1.506674
1.461490
1.497637
1.372412
1.360793
1.283334
1.449871
1.293662
1.486018
1.381449
1.473109
1.358211
1.474400
1.439543
1.417596
1.489891
1.518293
1.422760
1.474400
1.471818
1.501510
1.482146
1.559605
1.540240
1.439543
1.265260
1.182638
1.365957
1.576387
1.661592
1.661592
1.597043
1.542822
1.448580
1.408560
1.314318
1.243314
1.238150
1.173601
1.034175
1.105179
1.142617
1.214912
1.247187
1.354338
1.389195
1.431797
1.381449
1.504092
1.418887
1.549277
1.507965
1.575096
1.505383
1.500219
1.371121
1.384031
1.275588
1.328519
1.284625
1.240732
1.265260
1.331101
1.328519
1.487309
1.452453
1.445998
1.292371
1.398232
1.245896
1.347883
1.252351
1.451162
1.395650
1.319482
1.274297
1.342719
1.260097
1.305281
1.097433
1.076777
0.902494
0.920568
0.880548
0.990281
0.998027
1.167146
1.227822
1.408560
1.448580
1.480855
1.496346
1.608662
1.618990
1.647391
1.730014
1.895260
2.021776
2.035977
1.736469
1.585424
1.456326
1.466654
1.466654
1.455035
