1.420178
1.421469
1.424051
1.427924
1.426633
1.438252
1.422760
1.422760
1.424051
1.422760
1.420178
1.420178
1.417596
1.421469
1.424051
1.420178
1.426633
1.421469
1.421469
1.417596
1.418887
1.417596
1.417596
1.417596
1.420178
1.420178
1.429215
1.415014
1.425342
1.418887
1.418887
1.417596
1.417596
1.416305
1.416305
1.415014
1.416305
1.415014
1.415014
1.422760
1.427924
1.420178
1.422760
1.426633
1.422760
1.422760
1.422760
1.417596
1.416305
1.416305
1.417596
1.417596
1.420178
1.420178
1.420178
1.420178
1.425342
1.421469
1.420178
1.408560
1.411141
1.413723
1.416305
1.413723
1.420178
1.422760
1.424051
1.426633
1.427924
1.429215
1.426633
1.426633
1.425342
1.425342
1.430506
1.430506
1.427924
1.427924
1.429215
1.426633
1.426633
1.426633
1.424051
1.433088
1.435670
1.429215
1.427924
1.427924
1.420178
1.418887
1.417596
1.418887
1.409851
1.420178
1.421469
1.422760
1.420178
1.422760
1.424051
1.422760
1.422760
1.420178
1.418887
1.422760
1.425342
1.426633
1.424051
1.422760
1.421469
1.420178
1.418887
1.418887
1.417596
1.420178
1.420178
1.429215
1.422760
1.430506
1.433088
1.430506
1.429215
1.425342
1.429215
1.431797
1.430506
1.430506
1.421469
1.429215
1.426633
1.429215
1.425342
1.422760
1.424051
1.421469
1.421469
1.422760
1.420178
1.420178
1.418887
1.422760
1.420178
1.420178
1.416305
1.424051
1.426633
1.426633
1.427924
1.429215
1.426633
1.424051
1.422760
1.425342
1.422760
1.421469
1.424051
1.425342
1.422760
1.422760
1.427924
1.429215
1.427924
1.430506
1.431797
1.429215
1.427924
1.429215
1.430506
1.429215
1.430506
1.427924
1.426633
1.426633
1.424051
1.424051
1.421469
1.422760
1.420178
1.427924
1.420178
1.422760
1.422760
1.420178
1.417596
1.407269
1.413723
1.415014
1.417596
1.418887
1.421469
1.422760
1.422760
1.421469
1.420178
1.421469
1.421469
1.426633
1.426633
1.431797
1.442125
1.430506
1.434379
1.434379
1.429215
1.425342
1.427924
1.421469
1.424051
1.425342
1.426633
1.424051
1.426633
1.427924
1.427924
1.430506
1.427924
1.427924
1.429215
1.426633
1.427924
1.427924
1.427924
1.425342
1.426633
1.424051
1.422760
1.425342
1.430506
1.425342
1.422760
1.424051
1.422760
1.424051
1.426633
1.426633
1.426633
1.424051
1.425342
1.429215
1.429215
1.430506
1.427924
1.429215
1.421469
1.420178
1.422760
1.418887
1.418887
1.418887
1.421469
1.422760
1.431797
1.422760
1.420178
1.421469
1.421469
1.420178
1.421469
1.421469
1.422760
1.424051
1.427924
1.426633
1.427924
1.425342
1.424051
1.422760
1.413723
1.421469
1.417596
1.415014
1.415014
1.416305
1.415014
1.416305
1.416305
1.418887
1.426633
1.429215
1.433088
1.435670
1.436961
1.435670
1.436961
1.431797
1.431797
1.424051
1.424051
1.422760
1.425342
1.425342
1.424051
1.421469
1.420178
1.420178
1.415014
1.416305
1.417596
1.417596
1.420178
1.418887
1.422760
1.425342
1.430506
1.429215
1.429215
1.429215
1.427924
1.429215
1.429215
1.427924
1.427924
1.429215
1.430506
1.429215
1.425342
1.424051
1.427924
1.431797
1.426633
1.429215
1.430506
1.429215
1.426633
1.422760
1.422760
1.421469
1.422760
1.421469
1.422760
1.422760
1.422760
1.426633
1.425342
1.424051
1.421469
1.412432
1.424051
1.425342
1.429215
1.433088
1.433088
1.434379
1.434379
1.431797
1.429215
1.429215
1.424051
1.426633
1.426633
1.426633
1.426633
1.426633
1.422760
1.429215
1.426633
1.425342
1.424051
1.420178
1.422760
1.420178
1.420178
1.422760
1.424051
1.421469
1.435670
1.424051
1.420178
1.413723
1.417596
1.417596
1.420178
1.418887
1.421469
1.422760
1.422760
1.426633
1.425342
1.427924
1.430506
1.426633
1.425342
1.424051
1.424051
1.424051
1.438252
1.422760
1.421469
1.421469
1.421469
1.422760
1.421469
1.424051
1.422760
1.426633
1.426633
1.439543
1.427924
1.421469
1.420178
1.421469
1.424051
1.424051
1.430506
1.426633
1.418887
1.425342
1.426633
1.426633
1.426633
1.426633
1.440834
1.422760
1.422760
1.421469
1.421469
1.421469
1.424051
1.424051
1.420178
1.422760
1.424051
1.425342
1.425342
1.422760
1.422760
1.421469
1.420178
1.416305
1.416305
1.426633
1.424051
1.425342
1.427924
1.425342
1.426633
1.426633
1.425342
1.425342
1.425342
1.425342
1.427924
1.425342
1.429215
1.429215
1.427924
1.426633
1.427924
1.425342
1.425342
1.424051
1.424051
1.416305
1.415014
1.420178
1.420178
1.418887
1.421469
1.422760
1.422760
1.425342
1.420178
1.424051
1.431797
1.424051
1.421469
1.417596
1.420178
1.418887
1.418887
1.422760
1.422760
1.424051
1.424051
1.426633
1.426633
1.429215
1.427924
1.426633
1.427924
1.426633
1.429215
1.427924
1.429215
1.421469
1.430506
1.430506
1.434379
1.426633
1.429215
1.426633
1.424051
1.420178
1.425342
1.418887
1.416305
1.421469
1.399523
1.411141
1.409851
1.417596
1.418887
1.422760
1.422760
1.425342
1.429215
1.431797
1.433088
1.433088
1.430506
1.429215
1.429215
1.426633
1.426633
1.425342
1.426633
1.427924
1.434379
1.431797
1.421469
1.425342
1.422760
1.426633
1.422760
1.425342
1.426633
1.427924
1.429215
1.430506
1.424051
1.418887
1.430506
1.424051
1.422760
1.422760
1.422760
1.420178
1.420178
1.421469
1.426633
1.429215
1.422760
1.418887
1.417596
1.420178
1.418887
1.417596
1.420178
1.420178
1.422760
1.424051
1.427924
1.426633
1.417596
1.425342
1.416305
1.429215
1.426633
1.426633
1.425342
1.427924
1.426633
1.427924
1.412432
1.409851
1.420178
1.422760
1.424051
1.427924
1.433088
1.425342
1.426633
1.426633
1.424051
1.425342
1.425342
1.426633
1.427924
1.425342
1.421469
1.422760
1.422760
1.424051
1.420178
1.421469
1.422760
1.415014
1.420178
1.424051
1.427924
1.425342
1.435670
1.424051
1.424051
1.426633
1.429215
1.426633
1.431797
1.433088
1.431797
1.430506
1.429215
1.429215
1.429215
1.422760
1.429215
1.431797
1.426633
1.426633
1.427924
1.429215
1.427924
1.425342
1.424051
1.418887
1.422760
1.417596
1.416305
1.416305
1.421469
1.422760
1.425342
1.422760
1.429215
1.426633
1.427924
1.426633
1.425342
1.422760
1.424051
1.426633
1.429215
1.434379
1.427924
1.425342
1.422760
1.420178
1.420178
1.420178
1.424051
1.424051
1.426633
1.426633
1.425342
1.424051
1.424051
1.424051
1.427924
1.412432
1.425342
1.424051
1.425342
1.424051
1.424051
1.416305
1.422760
1.422760
1.422760
1.420178
1.418887
1.417596
1.417596
1.417596
1.416305
1.418887
1.418887
1.425342
1.420178
1.427924
1.425342
1.421469
1.425342
1.425342
1.425342
1.422760
1.425342
1.426633
1.425342
1.425342
1.424051
1.430506
1.422760
1.424051
1.422760
1.420178
1.422760
1.418887
1.422760
1.421469
1.425342
1.424051
1.427924
1.427924
1.429215
1.427924
1.426633
1.425342
1.438252
1.426633
1.424051
1.429215
1.431797
1.427924
1.425342
1.426633
1.424051
1.422760
1.413723
1.422760
1.421469
1.422760
1.424051
1.420178
1.425342
1.422760
1.422760
1.424051
1.422760
1.422760
1.427924
1.425342
1.443416
1.429215
1.427924
1.430506
1.429215
1.429215
1.425342
1.425342
1.426633
1.426633
1.429215
1.430506
1.427924
1.426633
1.424051
1.426633
1.424051
1.425342
1.424051
1.425342
1.422760
1.412432
1.425342
1.422760
1.422760
1.424051
1.426633
1.422760
1.425342
1.420178
1.418887
1.418887
1.420178
1.417596
1.420178
1.418887
1.417596
1.420178
1.417596
1.421469
1.425342
1.424051
1.424051
1.427924
1.433088
1.426633
1.427924
1.425342
1.429215
1.426633
1.424051
1.425342
1.425342
1.429215
1.429215
1.429215
1.429215
1.430506
1.429215
1.427924
1.429215
1.426633
1.430506
1.431797
1.429215
1.427924
1.426633
1.431797
1.426633
1.425342
1.422760
1.421469
1.418887
1.418887
1.418887
1.420178
1.420178
1.424051
1.422760
1.421469
1.424051
1.425342
1.427924
1.426633
1.420178
1.425342
1.426633
1.429215
1.426633
1.422760
1.422760
1.422760
1.420178
1.415014
1.415014
1.413723
1.415014
1.416305
1.418887
1.421469
1.422760
1.422760
1.422760
1.422760
1.420178
1.421469
1.425342
1.424051
1.424051
1.424051
1.421469
1.427924
1.427924
1.425342
1.425342
1.424051
1.421469
1.424051
1.424051
1.422760
1.422760
1.425342
1.424051
1.426633
1.425342
1.427924
1.430506
1.426633
1.429215
1.429215
1.424051
1.426633
1.430506
1.429215
1.448580
1.425342
1.424051
1.421469
1.420178
1.420178
1.420178
1.420178
1.421469
1.425342
1.426633
1.421469
1.422760
1.422760
1.422760
1.426633
1.425342
1.426633
1.427924
1.425342
1.424051
1.422760
1.420178
1.421469
1.427924
1.424051
1.421469
1.424051
1.421469
1.421469
1.422760
1.421469
1.422760
1.430506
1.433088
1.427924
1.425342
1.424051
1.424051
1.424051
1.426633
1.424051
1.422760
1.424051
1.425342
1.426633
1.425342
1.427924
1.427924
1.429215
1.426633
1.426633
1.426633
1.422760
1.424051
1.422760
1.421469
1.420178
1.424051
1.421469
1.424051
1.424051
1.424051
1.425342
1.426633
1.427924
1.429215
1.430506
1.427924
1.427924
1.426633
1.426633
1.425342
1.424051
1.424051
1.424051
1.425342
1.422760
1.417596
1.416305
1.415014
1.416305
1.418887
1.420178
1.421469
1.420178
1.422760
1.424051
1.429215
1.430506
1.431797
1.431797
1.430506
1.429215
1.426633
1.421469
1.424051
1.425342
