1.386613
1.400814
1.393068
1.411141
1.394359
1.433088
1.412432
1.381449
1.412432
1.433088
1.412432
1.426633
1.411141
1.425342
1.400814
1.420178
1.411141
1.424051
1.412432
1.418887
1.411141
1.430506
1.426633
1.447289
1.434379
1.448580
1.426633
1.438252
1.418887
1.429215
1.405978
1.421469
1.395650
1.416305
1.407269
1.395650
1.367248
1.374994
1.351756
1.369830
1.381449
1.435670
1.425342
1.447289
1.424051
1.433088
1.416305
1.426633
1.431797
1.460199
1.436961
1.438252
1.415014
1.422760
1.403396
1.415014
1.387904
1.385322
1.356920
1.372412
1.353047
1.385322
1.368539
1.391777
1.369830
1.404687
1.400814
1.422760
1.407269
1.426633
1.412432
1.445998
1.430506
1.444707
1.430506
1.440834
1.422760
1.440834
1.409851
1.421469
1.399523
1.409851
1.404687
1.422760
1.413723
1.417596
1.408560
1.421469
1.434379
1.430506
1.412432
1.430506
1.387904
1.402105
1.403396
1.430506
1.429215
1.451162
1.433088
1.442125
1.420178
1.440834
1.424051
1.407269
1.387904
1.390486
1.374994
1.390486
1.371121
1.389195
1.377576
1.398232
1.387904
1.408560
1.409851
1.425342
1.415014
1.421469
1.403396
1.403396
1.411141
1.418887
1.395650
1.396941
1.404687
1.418887
1.404687
1.418887
1.409851
1.417596
1.409851
1.439543
1.425342
1.447289
1.436961
1.438252
1.415014
1.426633
1.415014
1.416305
1.402105
1.417596
1.399523
1.415014
1.396941
1.405978
1.404687
1.415014
1.409851
1.430506
1.415014
1.426633
1.407269
1.431797
1.418887
1.436961
1.427924
1.424051
1.399523
1.422760
1.412432
1.426633
1.408560
1.405978
1.399523
1.387904
1.396941
1.413723
1.405978
1.407269
1.400814
1.141326
1.402105
1.417596
1.407269
1.421469
1.412432
1.424051
1.412432
1.418887
1.424051
1.416305
1.405978
1.420178
1.394359
1.353047
1.382740
1.398232
1.382740
1.400814
1.342719
1.407269
1.407269
1.408560
1.408560
1.420178
1.418887
1.427924
1.422760
1.439543
1.425342
1.447289
1.427924
1.439543
1.427924
1.439543
1.418887
1.427924
1.409851
1.427924
1.413723
1.425342
1.416305
1.431797
1.415014
1.417596
1.387904
1.404687
1.389195
1.140035
1.393068
1.407269
1.400814
1.416305
1.403396
1.422760
1.417596
1.429215
1.412432
1.409851
1.425342
1.425342
1.403396
1.402105
1.395650
1.411141
1.398232
1.413723
1.405978
1.413723
1.396941
1.413723
1.409851
1.421469
1.399523
1.412432
1.395650
1.386613
1.391777
1.413723
1.407269
1.168437
1.438252
1.464072
1.457617
1.466654
1.440834
1.442125
1.421469
1.378867
1.407269
1.424051
1.412432
1.376285
1.403396
1.416305
1.411141
1.422760
1.399523
1.408560
1.384031
1.404687
1.389195
1.407269
1.391777
1.405978
1.393068
1.411141
1.391777
1.405978
1.396941
1.400814
1.395650
1.408560
1.403396
1.387904
1.407269
1.425342
1.417596
1.433088
1.438252
1.429215
1.415014
1.427924
1.420178
1.425342
1.409851
1.425342
1.404687
1.387904
1.394359
1.417596
1.420178
1.433088
1.417596
1.309154
1.416305
1.422760
1.377576
1.386613
1.367248
1.309154
1.380158
1.396941
1.394359
1.422760
1.404687
1.412432
1.405978
1.427924
1.418887
1.430506
1.421469
1.426633
1.429215
1.298826
1.408560
1.418887
1.417596
1.429215
1.411141
1.420178
1.407269
1.415014
1.396941
1.411141
1.403396
1.429215
1.416305
1.426633
1.413723
1.431797
1.417596
1.399523
1.415014
1.422760
1.411141
1.434379
1.418887
1.430506
1.416305
1.422760
1.407269
1.427924
1.418887
1.425342
1.400814
1.096142
1.384031
1.407269
1.404687
1.418887
1.409851
1.417596
1.412432
1.380158
1.418887
1.373703
1.418887
1.424051
1.413723
1.412432
1.398232
1.389195
1.394359
1.404687
1.398232
1.412432
1.405978
1.399523
1.403396
1.415014
1.402105
1.418887
1.421469
1.425342
1.407269
1.425342
1.416305
1.418887
1.407269
1.424051
1.409851
1.278170
1.404687
1.393068
1.411141
1.411141
1.395650
1.399523
1.390486
1.407269
1.404687
1.409851
1.407269
1.402105
1.404687
1.420178
1.408560
1.393068
1.412432
1.424051
1.416305
1.421469
1.399523
1.408560
1.400814
1.413723
1.402105
1.415014
1.412432
1.413723
1.399523
1.418887
1.412432
1.427924
1.418887
1.429215
1.427924
1.439543
1.429215
1.438252
1.417596
1.405978
1.405978
1.417596
1.404687
1.412432
1.400814
1.402105
1.396941
1.412432
1.394359
1.402105
1.387904
1.399523
1.386613
1.398232
1.389195
1.386613
1.399523
1.424051
1.408560
1.420178
1.404687
1.435670
1.431797
1.430506
1.393068
1.422760
1.402105
1.403396
1.402105
1.422760
1.411141
1.438252
1.429215
1.433088
1.421469
1.436961
1.426633
1.439543
1.429215
1.440834
1.438252
1.453744
1.444707
1.456326
1.444707
1.439543
1.416305
1.417596
1.398232
1.407269
1.403396
1.413723
1.399523
1.407269
1.391777
1.408560
1.413723
1.403396
1.399523
1.411141
1.413723
1.405978
1.389195
1.403396
1.389195
1.412432
1.407269
1.421469
1.417596
1.421469
1.412432
1.420178
1.426633
1.434379
1.417596
1.409851
1.400814
1.402105
1.394359
1.404687
1.393068
1.391777
1.384031
1.395650
1.385322
1.399523
1.403396
1.421469
1.417596
1.434379
1.424051
1.413723
1.418887
1.438252
1.413723
1.420178
1.403396
1.412432
1.400814
1.416305
1.403396
1.417596
1.408560
1.413723
1.395650
1.407269
1.396941
1.407269
1.396941
1.417596
1.409851
1.405978
1.396941
1.347883
1.402105
1.346592
1.426633
1.346592
1.425342
1.319482
1.427924
1.380158
1.424051
1.280752
1.418887
0.916695
1.408560
1.393068
1.399523
1.316900
1.407269
1.362084
1.405978
1.260097
1.411141
1.345301
1.409851
1.334974
1.395650
1.261388
1.408560
1.261388
1.409851
1.323355
1.398232
1.258806
1.400814
0.917986
1.381449
1.242023
1.390486
1.297535
1.402105
1.256224
1.404687
1.123252
1.404687
1.325937
1.238150
1.097433
1.415014
1.429215
1.434379
1.360793
1.431797
1.445998
1.444707
1.385322
1.435670
1.381449
1.420178
1.293662
1.394359
1.389195
1.399523
1.234277
1.393068
1.236859
1.407269
1.280752
1.395650
1.260097
1.396941
1.341428
1.408560
1.313027
1.422760
1.273006
1.425342
1.275588
1.429215
1.349174
1.418887
1.425342
1.427924
1.254933
1.416305
1.333683
1.412432
1.221367
1.407269
1.270424
1.400814
1.266551
1.405978
1.294953
1.420178
1.284625
1.431797
1.251060
1.435670
1.147781
1.429215
1.227822
1.416305
1.230404
1.408560
1.226531
1.403396
1.232986
1.399523
1.149072
1.404687
1.262678
1.296244
1.395650
1.400814
1.231695
1.404687
1.311736
1.412432
1.331101
1.409851
1.119379
1.404687
1.271715
1.416305
1.252351
1.403396
1.240732
1.407269
1.265260
1.409851
1.232986
1.398232
0.919277
1.404687
1.356920
1.443416
1.314318
1.431797
1.245896
1.417596
1.355629
1.413723
1.382740
1.395650
1.181347
1.407269
1.289789
1.408560
1.333683
1.407269
1.382740
1.400814
1.059994
1.415014
1.280752
1.398232
1.399523
1.396941
1.310445
1.408560
1.420178
1.412432
1.257515
1.417596
1.263969
1.427924
1.313027
1.390486
1.369830
1.358211
1.194256
1.373703
1.280752
1.374994
1.093560
1.386613
1.347883
1.400814
1.260097
1.315609
1.236859
1.415014
1.278170
1.443416
1.386613
1.431797
1.418887
1.427924
1.426633
1.425342
1.345301
1.418887
1.301408
1.412432
1.283334
1.421469
1.313027
1.417596
1.266551
1.402105
1.238150
1.391777
1.306572
1.391777
1.243314
1.403396
1.251060
1.409851
0.643007
1.417596
1.358211
1.411141
0.711429
1.394359
1.341428
1.416305
1.407269
1.421469
1.093560
1.412432
1.337555
1.395650
1.403396
1.405978
1.270424
1.421469
1.186511
1.416305
1.235568
1.409851
1.225240
1.408560
1.386613
1.420178
1.151654
1.405978
1.174892
1.409851
1.262678
1.408560
1.163273
1.404687
1.177474
1.405978
1.252351
1.404687
1.385322
1.416305
0.959298
1.403396
0.791470
1.407269
1.182638
1.417596
1.279461
1.408560
1.310445
1.402105
0.761777
1.416305
1.205875
1.413723
1.338846
1.421469
1.256224
1.427924
1.177474
1.418887
1.288498
1.411141
1.209748
1.408560
1.301408
1.413723
1.195547
1.394359
1.198129
1.403396
1.191674
1.435670
1.284625
1.391777
1.234277
1.403396
1.178765
1.408560
1.080650
1.408560
1.198129
1.413723
1.217494
1.418887
1.192965
1.422760
1.368539
1.413723
1.102597
1.412432
1.154236
1.417596
1.165855
1.408560
1.212330
1.417596
1.196838
1.417596
1.164564
1.421469
1.178765
1.416305
1.198129
1.396941
1.399523
1.391777
0.936060
1.398232
1.016101
1.407269
1.249769
1.425342
1.310445
1.417596
1.204584
1.396941
1.158109
1.412432
1.203293
1.412432
1.178765
1.415014
1.132289
1.427924
1.202002
1.452453
1.220076
1.438252
1.211039
1.431797
1.119379
1.427924
1.169728
1.417596
1.191674
1.387904
1.083232
1.359502
1.054830
1.328519
1.065158
1.374994
1.382740
1.394359
1.049666
1.400814
1.078068
1.422760
1.154236
1.427924
1.195547
1.427924
1.171019
1.444707
1.118088
1.431797
1.165855
1.422760
1.156818
1.420178
1.096142
1.415014
1.094851
1.409851
1.089687
1.408560
1.092269
1.411141
1.070322
1.412432
1.030302
1.411141
1.359502
1.409851
1.136162
1.405978
1.005773
1.391777
1.417596
1.420178
1.151654
1.415014
1.124543
1.415014
1.127125
1.405978
1.129707
1.376285
1.105179
1.398232
1.080650
1.418887
1.132289
1.403396
1.066449
1.391777
1.119379
1.374994
1.103888
1.372412
1.097433
1.351756
1.181347
1.306572
1.134871
1.263969
1.293662
1.271715
1.425342
1.018683
1.192965
1.164564
1.093560
1.315609
1.142617
1.305281
1.141326
1.258806
1.119379
1.254933
1.143908
1.227822
0.977371
1.261388
1.102597
1.254933
1.098724
1.298826
1.116797
1.240732
1.071613
1.302699
1.161982
1.369830
1.071613
1.262678
1.078068
1.275588
1.050957
1.275588
0.960589
1.305281
1.364666
1.168437
1.230404
1.253642
1.106470
1.257515
1.160691
1.234277
1.023847
1.211039
1.089687
1.267842
1.155527
1.285916
1.191674
1.305281
1.249769
1.288498
1.207166
1.261388
1.223949
1.287207
1.300117
1.271715
1.418887
1.329810
0.883130
1.243314
1.143908
1.116797
1.145199
1.169728
1.089687
1.287207
1.080650
1.324646
0.825035
1.301408
1.232986
1.058703
1.132289
1.254933
1.196838
1.278170
1.168437
1.257515
1.183929
1.253642
1.103888
1.235568
0.610732
1.245896
1.084523
1.254933
1.097433
1.260097
0.973498
1.276879
1.105179
1.280752
1.079359
1.265260
1.171019
1.204584
0.994154
1.362084
1.160691
1.362084
1.260097
1.354338
1.404687
1.314318
1.212330
1.269133
1.252351
1.266551
1.374994
1.273006
1.422760
1.284625
1.404687
1.276879
1.424051
1.271715
1.405978
1.254933
1.418887
1.258806
1.408560
1.291080
1.409851
1.192965
1.398232
1.298826
1.403396
1.276879
1.404687
1.249769
1.424051
1.346592
1.429215
1.412432
1.415014
1.223949
1.413723
1.252351
1.405978
1.311736
1.396941
1.306572
1.416305
1.253642
1.424051
1.254933
1.409851
1.263969
1.396941
1.258806
1.394359
1.254933
1.403396
1.244605
1.411141
1.251060
1.385322
1.260097
1.395650
1.253642
1.411141
1.256224
1.413723
1.218785
1.442125
1.393068
1.451162
1.344010
1.434379
1.293662
1.426633
1.249769
1.395650
1.235568
1.395650
1.236859
1.400814
1.253642
1.405978
1.258806
1.395650
1.247187
1.391777
1.244605
1.396941
1.253642
1.399523
1.249769
1.412432
1.243314
1.430506
1.274297
1.418887
1.271715
1.402105
1.288498
1.386613
0.991572
1.390486
1.322064
1.393068
1.328519
1.404687
1.276879
1.398232
1.231695
1.398232
1.239441
1.390486
1.232986
1.377576
1.238150
1.385322
1.269133
1.433088
1.310445
1.436961
1.278170
1.431797
1.301408
1.421469
1.289789
1.409851
1.273006
1.400814
1.256224
1.394359
1.273006
1.404687
1.247187
1.373703
1.254933
1.390486
1.089687
1.380158
1.249769
1.387904
1.226531
1.408560
1.240732
1.400814
1.253642
1.418887
1.267842
1.425342
1.273006
1.434379
1.282043
1.416305
1.050957
1.413723
1.244605
1.402105
1.254933
1.400814
1.251060
1.407269
1.280752
1.413723
1.256224
1.418887
1.282043
1.435670
1.202002
1.429215
1.365957
1.416305
1.411141
1.394359
1.301408
1.384031
1.230404
1.399523
1.239441
1.398232
1.169728
1.394359
1.235568
1.405978
1.256224
1.405978
1.254933
1.412432
1.274297
1.402105
1.242023
1.427924
1.257515
1.415014
1.213621
1.411141
1.261388
1.409851
1.236859
1.391777
1.240732
1.389195
1.274297
1.382740
1.231695
1.384031
1.267842
1.431797
1.263969
1.434379
1.252351
1.413723
1.174892
1.396941
1.234277
1.389195
1.216203
1.390486
1.315609
1.408560
1.204584
1.418887
1.323355
1.433088
1.273006
1.404687
1.217494
1.387904
1.221367
1.391777
1.222658
1.385322
1.231695
1.395650
1.227822
1.403396
1.089687
1.411141
1.230404
1.415014
1.273006
1.435670
1.263969
1.430506
1.244605
1.412432
1.245896
1.384031
1.214912
1.403396
1.280752
1.408560
1.214912
1.407269
1.140035
1.416305
1.238150
1.422760
1.269133
1.409851
1.236859
1.405978
1.209748
1.405978
1.147781
1.411141
1.212330
1.402105
1.398232
1.396941
1.076777
1.393068
1.287207
1.411141
1.275588
1.395650
1.195547
1.371121
1.177474
1.371121
1.190383
1.391777
1.183929
1.380158
1.204584
1.385322
1.209748
1.394359
1.196838
1.408560
1.236859
1.417596
1.016101
1.427924
1.209748
1.430506
1.236859
1.429215
1.200711
1.422760
1.216203
1.411141
1.178765
1.396941
1.297535
1.411141
1.202002
1.404687
1.212330
1.404687
1.183929
1.420178
1.270424
1.440834
1.236859
1.438252
1.226531
1.434379
1.207166
1.418887
1.127125
1.399523
1.194256
1.396941
1.163273
1.373703
1.154236
1.373703
1.155527
1.376285
1.203293
1.390486
1.195547
1.403396
1.172310
1.384031
1.373703
1.425342
1.248478
1.416305
1.200711
1.422760
1.165855
1.416305
1.140035
1.411141
1.164564
1.409851
1.276879
1.391777
1.047084
1.395650
1.146490
1.400814
1.147781
1.422760
1.178765
1.408560
1.136162
1.398232
1.143908
1.405978
1.146490
1.404687
1.137453
1.398232
1.138744
1.405978
0.952843
1.427924
1.177474
1.396941
1.110343
1.420178
1.072904
1.426633
1.090978
1.422760
1.096142
1.422760
1.216203
1.415014
1.217494
1.420178
1.196838
1.421469
1.171019
1.396941
1.136162
1.387904
1.097433
1.395650
1.115506
1.400814
1.141326
1.395650
1.121961
1.408560
1.101306
1.402105
1.216203
1.403396
1.332392
1.425342
1.430506
1.424051
1.038047
1.404687
1.087105
1.407269
1.084523
1.396941
1.194256
1.393068
1.110343
1.390486
1.036757
1.389195
1.052248
1.409851
1.069031
1.413723
1.048375
1.399523
0.992863
1.394359
0.976080
1.402105
0.906367
1.412432
1.013519
1.422760
1.355629
1.394359
1.404687
1.395650
1.417596
1.403396
1.422760
1.417596
1.416305
1.396941
1.407269
1.399523
1.407269
1.391777
1.412432
1.400814
1.415014
1.412432
1.434379
1.408560
1.415014
1.403396
1.421469
1.422760
1.433088
1.422760
1.435670
1.420178
1.426633
1.420178
1.436961
1.421469
1.433088
1.413723
1.421469
1.398232
1.404687
1.404687
1.418887
1.394359
1.416305
1.389195
1.407269
1.404687
1.415014
1.400814
1.416305
1.413723
1.430506
1.418887
1.430506
1.418887
1.427924
1.416305
1.429215
1.417596
1.438252
1.422760
1.430506
1.413723
1.421469
1.407269
1.412432
1.405978
1.431797
1.415014
1.430506
1.416305
1.409851
1.405978
1.429215
1.391777
1.417596
1.396941
1.416305
1.378867
1.409851
1.413723
1.408560
1.393068
1.404687
1.390486
1.405978
1.391777
1.413723
1.408560
1.413723
1.402105
1.413723
1.411141
1.429215
1.415014
1.429215
1.415014
1.424051
1.408560
1.433088
1.421469
1.433088
1.417596
1.449871
1.435670
1.433088
1.435670
1.436961
1.405978
1.420178
1.395650
1.403396
1.387904
1.407269
1.389195
1.411141
1.389195
1.415014
1.398232
1.404687
1.389195
1.405978
1.386613
1.407269
1.396941
1.417596
1.407269
1.420178
1.400814
1.411141
1.387904
1.402105
1.400814
1.418887
1.411141
1.417596
1.404687
1.427924
1.427924
1.474400
1.448580
1.478273
1.332392
1.452453
1.413723
1.433088
1.416305
1.427924
1.405978
1.415014
1.394359
1.393068
1.395650
1.409851
1.385322
1.402105
1.395650
1.411141
1.400814
1.413723
1.403396
1.411141
1.385322
1.374994
1.365957
1.389195
1.391777
1.422760
1.442125
1.436961
1.415014
1.426633
1.418887
1.431797
1.418887
1.422760
1.390486
1.400814
1.399523
1.427924
1.417596
1.434379
1.413723
1.426633
1.418887
1.433088
1.409851
1.430506
1.412432
1.426633
1.415014
1.416305
1.391777
1.396941
1.374994
1.353047
1.373703
1.403396
1.389195
1.387904
1.385322
1.398232
1.385322
1.420178
1.399523
1.415014
1.405978
1.430506
1.418887
1.436961
1.426633
1.433088
1.413723
1.418887
1.409851
1.425342
1.403396
1.415014
1.412432
1.426633
1.413723
1.435670
1.418887
1.420178
1.404687
1.413723
1.398232
1.407269
1.402105
1.422760
1.409851
1.421469
1.403396
1.412432
1.402105
1.422760
1.421469
1.200711
1.430506
1.431797
1.413723
1.443416
1.402105
1.386613
1.399523
1.424051
1.405978
1.416305
1.405978
1.422760
1.416305
1.427924
1.411141
1.424051
1.411141
1.427924
1.422760
1.438252
1.421469
1.433088
1.417596
1.426633
1.415014
1.422760
1.425342
1.445998
1.435670
1.455035
1.442125
1.443416
1.429215
1.442125
1.424051
1.418887
1.377576
1.034175
1.360793
1.372412
1.381449
1.386613
1.382740
1.403396
1.390486
1.400814
1.405978
1.429215
1.426633
1.435670
1.422760
1.435670
1.420178
1.402105
1.415014
1.429215
1.430506
1.435670
1.415014
1.424051
1.407269
1.412432
1.398232
1.402105
1.386613
1.398232
1.371121
1.373703
1.367248
1.380158
1.377576
1.426633
1.402105
1.402105
1.404687
1.420178
1.411141
1.433088
1.424051
1.435670
1.416305
1.417596
1.400814
1.416305
1.412432
1.425342
1.407269
1.417596
1.403396
1.409851
1.395650
1.409851
1.399523
1.411141
1.395650
1.404687
1.391777
1.407269
1.408560
1.422760
1.421469
1.431797
1.409851
1.415014
1.403396
1.420178
1.416305
1.434379
1.424051
1.435670
1.443416
1.467945
1.462781
1.467945
1.435670
1.417596
1.389195
1.394359
1.380158
1.407269
1.393068
1.400814
1.391777
1.398232
1.398232
1.404687
1.403396
1.418887
1.415014
1.421469
1.409851
1.412432
1.390486
1.396941
1.393068
1.411141
1.396941
1.420178
1.409851
1.393068
1.427924
1.455035
1.455035
1.421469
1.461490
1.453744
1.436961
1.373703
1.421469
1.380158
1.411141
1.240732
1.403396
1.413723
1.411141
1.359502
1.417596
1.310445
1.407269
1.280752
1.404687
1.212330
1.377576
1.380158
1.386613
1.172310
1.395650
0.870220
1.387904
1.269133
1.399523
1.310445
1.418887
1.408560
1.403396
1.327228
1.387904
1.142617
1.367248
1.238150
1.385322
1.214912
1.384031
1.289789
1.415014
1.227822
1.422760
1.293662
1.429215
1.274297
1.427924
1.252351
1.420178
1.235568
1.422760
1.325937
1.409851
1.223949
1.405978
1.052248
1.411141
1.172310
1.425342
1.305281
1.426633
0.395138
1.424051
1.336264
1.407269
1.407269
1.408560
1.273006
1.398232
1.181347
1.412432
1.334974
1.433088
1.431797
1.415014
1.256224
1.398232
1.238150
1.398232
1.249769
1.395650
1.263969
1.396941
1.279461
1.402105
1.307863
1.417596
1.258806
1.418887
1.261388
1.420178
1.279461
1.422760
1.427924
1.431797
1.387904
1.422760
1.231695
1.402105
1.276879
1.416305
1.365957
1.427924
1.309154
1.434379
1.355629
1.417596
1.289789
1.402105
1.279461
1.408560
1.396941
1.398232
1.016101
1.407269
1.292371
1.417596
1.278170
1.411141
1.398232
1.394359
1.257515
1.409851
1.291080
1.408560
1.136162
1.394359
1.349174
1.402105
1.103888
1.409851
1.421469
1.421469
1.258806
1.411141
1.258806
1.391777
1.227822
1.409851
1.186511
1.407269
1.158109
1.399523
1.182638
1.421469
1.257515
1.444707
1.223949
1.426633
1.328519
1.409851
1.239441
1.418887
1.221367
1.430506
1.198129
1.407269
1.258806
1.399523
0.901203
1.403396
1.040629
1.393068
1.160691
1.385322
0.974789
1.382740
1.226531
1.390486
1.195547
1.394359
1.182638
1.402105
1.177474
1.418887
1.165855
1.420178
1.140035
1.415014
1.203293
1.420178
1.186511
1.408560
0.541019
1.405978
1.137453
1.409851
1.230404
1.417596
1.216203
1.427924
1.100015
1.405978
1.164564
1.417596
0.628806
1.425342
1.105179
1.417596
1.262678
1.395650
1.072904
1.398232
1.128416
1.415014
1.093560
1.411141
1.039338
1.405978
1.083232
1.403396
1.084523
1.420178
1.110343
1.417596
1.444707
1.453744
1.071613
1.449871
1.230404
1.439543
0.626224
1.427924
1.156818
1.334974
1.119379
1.271715
1.212330
1.220076
1.261388
1.336264
1.118088
1.265260
1.080650
1.254933
1.026429
1.262678
1.087105
1.257515
1.133580
1.285916
1.075486
1.269133
1.057412
1.267842
1.154236
1.252351
1.182638
1.235568
1.275588
1.305281
1.253642
1.285916
1.146490
1.323355
1.192965
1.100015
1.052248
1.220076
1.204584
1.216203
0.963170
1.221367
1.101306
1.278170
1.142617
1.265260
1.396941
1.275588
1.316900
1.273006
1.149072
1.267842
1.382740
1.229113
1.167146
1.271715
1.409851
1.251060
1.426633
1.293662
1.449871
1.424051
1.438252
1.267842
1.424051
1.270424
1.412432
1.270424
1.394359
1.249769
1.403396
1.267842
1.411141
1.260097
1.389195
1.405978
1.403396
1.298826
1.408560
1.262678
1.404687
1.280752
1.382740
1.213621
1.391777
1.258806
1.407269
1.257515
1.429215
1.296244
1.436961
1.267842
1.436961
1.325937
1.453744
1.291080
1.445998
1.328519
1.412432
1.248478
1.402105
1.256224
1.411141
1.270424
1.412432
0.885712
1.373703
1.231695
1.376285
1.106470
1.362084
1.173601
1.344010
1.190383
1.372412
1.216203
1.396941
1.223949
1.402105
1.240732
1.411141
1.265260
1.412432
1.327228
1.399523
1.216203
1.377576
1.123252
1.371121
1.221367
1.371121
1.198129
1.381449
1.213621
1.391777
1.232986
1.402105
1.265260
1.422760
1.270424
1.430506
1.303990
1.442125
1.298826
1.424051
1.266551
1.415014
1.257515
1.420178
1.274297
1.439543
1.287207
1.436961
1.260097
1.425342
1.306572
1.385322
1.207166
1.374994
1.183929
1.385322
1.225240
1.405978
1.208457
1.413723
1.231695
1.404687
1.203293
1.395650
1.185220
1.403396
1.112924
1.403396
0.903785
1.408560
0.999318
1.396941
1.258806
1.411141
1.211039
1.415014
1.216203
1.425342
1.180056
1.434379
1.211039
1.417596
1.227822
1.433088
1.218785
1.427924
1.183929
1.427924
1.200711
1.417596
1.214912
1.413723
1.189092
1.407269
1.178765
1.399523
1.177474
1.396941
1.150363
1.395650
1.164564
1.382740
1.316900
1.402105
1.133580
1.405978
1.163273
1.396941
1.156818
1.407269
1.160691
1.407269
1.150363
1.396941
1.160691
1.394359
1.143908
1.393068
1.100015
1.402105
1.141326
1.422760
1.207166
1.412432
1.138744
1.399523
1.116797
1.391777
1.089687
1.390486
1.125834
1.398232
1.074195
1.399523
1.089687
1.399523
1.409851
1.396941
0.911531
1.422760
1.106470
1.413723
1.007064
1.402105
1.054830
1.404687
0.988990
1.407269
0.495835
1.409851
1.421469
1.412432
1.417596
1.417596
1.422760
1.424051
1.444707
1.442125
1.455035
1.443416
1.442125
1.422760
1.425342
1.429215
1.447289
1.440834
1.448580
1.431797
1.438252
1.404687
1.387904
1.381449
1.389195
1.374994
1.390486
1.376285
1.403396
1.404687
1.390486
1.387904
1.396941
1.391777
1.407269
1.391777
1.394359
1.396941
1.399523
1.404687
1.438252
1.424051
1.442125
1.425342
1.440834
1.404687
1.436961
1.426633
1.444707
1.431797
1.439543
1.407269
1.426633
1.412432
1.418887
1.409851
1.405978
1.390486
1.405978
1.403396
1.408560
1.378867
1.417596
1.409851
1.431797
1.416305
1.424051
1.407269
1.412432
1.395650
1.418887
1.398232
1.416305
1.402105
1.396941
1.398232
1.404687
1.391777
1.417596
1.393068
1.408560
1.384031
1.408560
1.404687
1.425342
1.424051
1.442125
1.434379
1.438252
1.417596
1.438252
1.411141
1.425342
1.403396
1.439543
1.426633
1.435670
1.411141
1.420178
1.404687
1.400814
1.389195
1.400814
1.381449
1.400814
1.387904
1.408560
1.402105
1.427924
1.424051
1.435670
1.420178
1.434379
1.427924
1.440834
1.421469
1.435670
1.421469
1.429215
1.412432
1.427924
1.415014
0.951552
1.415014
1.412432
0.943806
1.421469
1.413723
1.430506
1.407269
1.417596
1.404687
1.404687
1.420178
1.424051
1.409851
1.411141
1.404687
1.413723
1.404687
1.213621
1.416305
1.424051
1.407269
1.415014
1.405978
1.425342
1.405978
1.403396
1.404687
1.405978
1.411141
1.431797
1.422760
1.433088
1.402105
1.415014
1.417596
1.413723
1.398232
1.408560
1.400814
1.416305
1.404687
1.416305
1.404687
1.413723
1.413723
1.415014
1.396941
1.405978
1.393068
1.400814
1.389195
1.404687
1.398232
1.404687
1.394359
1.403396
1.396941
1.421469
1.429215
1.444707
1.430506
1.426633
1.413723
1.417596
1.363375
1.399523
1.384031
1.391777
1.382740
1.399523
1.394359
1.413723
1.407269
1.425342
1.430506
1.460199
1.464072
1.470527
1.448580
1.453744
1.434379
1.440834
1.422760
1.404687
1.398232
1.351756
1.393068
0.648171
1.404687
1.238150
1.418887
1.230404
1.420178
1.309154
1.415014
1.247187
1.399523
1.225240
1.391777
1.356920
1.384031
1.360793
1.373703
1.158109
1.393068
1.309154
1.404687
1.310445
1.412432
1.235568
1.412432
1.267842
1.426633
1.231695
1.464072
1.325937
1.466654
1.291080
1.448580
1.294953
1.408560
1.185220
1.307863
1.235568
1.400814
1.248478
1.394359
1.271715
1.384031
1.239441
1.382740
1.365957
1.387904
1.146490
1.405978
1.376285
1.426633
1.306572
1.430506
1.311736
1.429215
1.294953
1.420178
1.247187
1.408560
1.303990
1.416305
1.273006
1.396941
1.216203
1.265260
1.269133
1.394359
1.320773
1.391777
1.302699
1.390486
1.274297
1.386613
1.194256
1.391777
1.314318
1.409851
1.301408
1.424051
1.214912
1.407269
1.380158
1.403396
1.052248
1.398232
1.334974
1.400814
1.288498
1.402105
1.284625
1.369830
1.165855
1.368539
1.031593
1.374994
1.225240
1.396941
1.171019
1.434379
1.203293
1.440834
1.203293
1.476982
1.316900
1.453744
1.238150
1.418887
1.172310
1.421469
1.232986
1.413723
1.189092
1.341428
1.213621
1.408560
1.203293
1.405978
1.355629
1.403396
1.199420
1.398232
1.137453
1.407269
1.161982
1.411141
1.115506
1.402105
0.676572
1.387904
1.247187
1.396941
1.121961
1.416305
1.300117
1.408560
1.092269
1.412432
1.420178
1.424051
1.124543
1.431797
1.140035
1.427924
1.123252
1.422760
1.116797
1.390486
1.140035
1.390486
1.288498
1.405978
1.044502
1.413723
1.115506
1.415014
1.112924
1.409851
1.101306
1.378867
1.136162
1.333683
1.017392
1.252351
1.143908
1.227822
0.934769
1.276879
1.158109
1.214912
1.109052
1.309154
1.067740
1.279461
1.163273
1.271715
1.238150
1.260097
1.186511
1.263969
0.894748
1.296244
1.111634
1.061285
1.152945
1.260097
1.150363
1.248478
1.128416
1.262678
1.081941
1.263969
1.169728
1.353047
1.183929
1.324646
1.368539
1.302699
1.252351
1.253642
1.394359
1.236859
1.384031
1.238150
1.394359
1.247187
1.390486
1.236859
1.398232
1.265260
1.433088
1.283334
1.436961
1.200711
1.433088
1.270424
1.412432
1.398232
1.391777
1.243314
1.395650
1.236859
1.396941
1.079359
1.402105
1.307863
1.420178
1.247187
1.409851
1.274297
1.416305
1.261388
1.430506
1.269133
1.425342
1.249769
1.413723
1.248478
1.400814
1.252351
1.391777
1.220076
1.367248
1.198129
1.372412
1.220076
1.387904
1.141326
1.402105
1.239441
1.399523
1.331101
1.380158
1.222658
1.377576
1.252351
1.390486
1.248478
1.391777
1.239441
1.402105
1.217494
1.418887
1.269133
1.422760
1.273006
1.443416
1.279461
1.442125
1.284625
1.436961
1.276879
1.429215
1.273006
1.408560
1.213621
1.351756
1.196838
1.333683
1.194256
1.364666
1.318191
1.385322
0.870220
1.422760
1.254933
1.436961
1.265260
1.429215
1.254933
1.413723
1.177474
1.378867
1.203293
1.385322
1.212330
1.393068
1.209748
1.411141
1.236859
1.425342
1.098724
1.420178
1.223949
1.403396
1.198129
1.377576
1.171019
1.374994
1.187801
1.391777
1.199420
1.422760
1.230404
1.434379
1.407269
1.415014
1.362084
1.396941
1.142617
1.387904
1.070322
1.395650
1.176183
1.395650
1.174892
1.411141
1.204584
1.426633
1.200711
1.438252
1.211039
1.447289
1.181347
1.420178
1.161982
1.405978
1.156818
1.413723
1.142617
1.409851
1.138744
1.405978
1.315609
1.396941
1.178765
1.409851
1.114215
1.398232
1.045793
1.400814
1.050957
1.413723
1.093560
1.413723
1.101306
1.394359
1.098724
1.404687
1.078068
1.413723
1.092269
1.433088
1.088396
1.427924
1.081941
1.416305
1.044502
1.416305
1.311736
1.424051
1.442125
1.435670
1.430506
1.407269
1.412432
1.408560
1.409851
1.404687
1.408560
1.385322
1.372412
1.381449
1.374994
1.359502
1.405978
1.400814
1.417596
1.411141
1.415014
1.409851
1.426633
1.412432
1.424051
1.398232
1.411141
1.396941
1.402105
1.386613
1.385322
1.363375
1.386613
1.385322
1.415014
1.404687
1.415014
1.412432
1.440834
1.433088
1.453744
1.434379
1.430506
1.412432
1.415014
1.403396
1.404687
1.334974
1.402105
1.386613
1.398232
1.393068
1.405978
1.384031
1.420178
1.408560
1.443416
1.429215
1.434379
1.408560
1.408560
1.386613
1.393068
1.387904
1.387904
1.365957
1.378867
1.382740
1.399523
1.393068
1.408560
1.403396
1.421469
1.415014
1.439543
1.435670
1.449871
1.435670
1.431797
1.405978
1.398232
1.407269
1.411141
1.412432
1.431797
1.420178
1.433088
1.426633
1.453744
1.439543
1.442125
1.409851
1.415014
1.394359
1.412432
1.403396
1.421469
1.408560
1.426633
1.412432
1.430506
1.421469
1.438252
1.418887
1.429215
1.420178
1.424051
1.415014
1.426633
1.416305
1.433088
1.418887
1.431797
1.395650
1.404687
1.389195
1.362084
1.365957
1.385322
1.324646
1.394359
1.382740
1.415014
1.409851
1.421469
1.409851
1.431797
1.418887
1.433088
1.418887
1.430506
1.411141
1.409851
1.398232
1.360793
1.394359
1.398232
1.384031
1.394359
1.391777
1.424051
1.416305
1.438252
1.426633
1.443416
1.430506
1.431797
1.438252
1.307863
1.405978
1.411141
1.399523
1.416305
1.391777
1.400814
1.380158
1.351756
1.402105
1.426633
1.430506
1.448580
1.436961
1.451162
1.429215
1.434379
1.420178
1.426633
1.402105
1.405978
1.394359
1.402105
1.386613
1.405978
1.404687
1.425342
1.425342
1.440834
1.430506
1.431797
1.409851
1.415014
1.408560
1.409851
1.393068
1.391777
1.377576
1.390486
1.393068
1.405978
1.400814
1.413723
1.415014
1.422760
1.440834
1.456326
1.439543
1.433088
1.416305
1.402105
1.393068
1.387904
1.394359
1.402105
1.409851
1.214912
1.420178
1.334974
1.429215
1.347883
1.417596
1.405978
1.418887
1.044502
1.416305
1.030302
1.372412
1.377576
1.387904
1.350465
1.393068
1.369830
1.394359
1.306572
1.405978
1.280752
1.413723
1.371121
1.424051
1.279461
1.411141
1.198129
1.399523
1.217494
1.390486
1.313027
1.417596
1.449871
1.448580
1.313027
1.436961
1.311736
1.424051
1.280752
1.417596
1.227822
1.415014
1.239441
1.384031
1.386613
1.387904
1.212330
1.369830
1.302699
1.385322
1.267842
1.395650
1.382740
1.420178
1.090978
1.433088
1.338846
1.431797
1.257515
1.418887
1.377576
1.413723
1.181347
1.403396
1.296244
1.403396
1.319482
1.411141
1.177474
1.436961
1.356920
1.421469
1.269133
1.417596
1.189092
0.774687
1.374994
1.435670
1.133580
1.430506
1.360793
1.427924
1.365957
1.416305
1.252351
1.405978
1.180056
1.407269
1.227822
1.393068
1.315609
1.399523
1.211039
1.399523
1.294953
1.398232
1.167146
1.390486
1.371121
1.409851
1.336264
1.409851
1.209748
1.429215
1.284625
1.425342
1.226531
1.424051
1.213621
1.440834
1.358211
1.421469
1.016101
1.409851
1.263969
1.408560
1.260097
1.384031
1.232986
1.380158
1.244605
1.412432
1.202002
1.424051
1.205875
1.415014
1.251060
1.416305
1.189092
1.409851
1.142617
1.402105
1.178765
1.402105
1.314318
1.398232
1.137453
1.404687
1.118088
1.417596
1.123252
1.422760
1.386613
1.424051
0.912822
1.424051
1.260097
1.413723
1.156818
1.408560
1.065158
1.412432
1.103888
1.404687
1.385322
1.400814
1.130998
1.403396
1.133580
1.411141
1.112924
1.413723
1.412432
1.412432
1.110343
1.403396
1.119379
1.409851
1.087105
1.413723
1.040629
1.418887
1.138744
1.415014
1.111634
1.411141
1.094851
1.266551
1.137453
1.417596
1.039338
1.440834
1.208457
1.415014
1.195547
1.409851
1.160691
1.374994
1.165855
1.273006
1.202002
1.271715
1.146490
1.258806
1.035466
1.234277
1.039338
1.225240
0.964461
1.249769
1.065158
1.232986
1.026429
1.260097
1.041920
1.247187
1.127125
1.296244
1.138744
1.319482
1.158109
1.087105
1.217494
1.225240
0.640425
1.247187
1.158109
1.183929
1.234277
1.226531
1.088396
1.229113
0.714011
1.194256
1.185220
1.297535
1.288498
1.293662
0.813417
1.209748
1.372412
1.238150
1.101306
1.262678
1.129707
1.232986
1.137453
1.220076
1.381449
1.225240
1.387904
1.221367
1.398232
1.360793
1.413723
1.164564
1.426633
1.262678
1.411141
1.247187
1.411141
1.247187
1.403396
1.261388
1.408560
1.303990
1.404687
1.278170
1.429215
1.235568
1.424051
1.265260
1.389195
1.244605
1.377576
1.251060
1.390486
1.244605
1.399523
1.254933
1.404687
1.236859
1.400814
1.258806
1.415014
1.374994
1.409851
1.319482
1.431797
0.937351
1.424051
1.280752
1.416305
1.276879
1.418887
1.249769
1.412432
1.271715
1.409851
1.243314
1.407269
1.196838
1.411141
1.257515
1.408560
1.251060
1.402105
1.288498
1.402105
1.213621
1.402105
1.282043
1.400814
1.236859
1.412432
1.216203
1.413723
1.256224
1.418887
1.394359
1.447289
1.161982
1.435670
1.412432
1.452453
1.324646
1.457617
1.269133
1.426633
1.261388
1.402105
1.208457
1.378867
1.202002
1.364666
1.212330
1.380158
1.227822
1.399523
1.231695
1.402105
1.229113
1.400814
1.230404
1.394359
1.212330
1.386613
1.310445
1.378867
1.189092
1.374994
1.211039
1.390486
1.380158
1.408560
1.257515
1.426633
1.245896
1.408560
1.225240
1.393068
1.204584
1.364666
1.185220
1.359502
1.187801
1.369830
1.223949
1.407269
1.226531
1.424051
1.225240
1.417596
1.236859
1.416305
1.205875
1.408560
1.217494
1.409851
1.198129
1.400814
1.235568
1.402105
1.260097
1.407269
1.192965
1.417596
1.105179
1.400814
1.212330
1.421469
1.254933
1.425342
1.222658
1.425342
1.223949
1.411141
1.195547
1.412432
1.203293
1.404687
1.168437
1.407269
1.189092
1.402105
1.180056
1.387904
1.158109
1.393068
0.964461
1.405978
1.182638
1.407269
1.165855
1.408560
1.181347
1.415014
1.180056
1.427924
1.160691
1.409851
1.345301
1.394359
1.044502
1.400814
1.087105
1.393068
1.146490
1.389195
1.111634
1.411141
1.150363
1.409851
1.174892
1.408560
1.245896
1.402105
1.337555
1.408560
0.815998
1.387904
1.124543
1.389195
1.137453
1.415014
1.109052
1.426633
1.132289
1.415014
0.928314
1.409851
1.096142
1.404687
1.150363
1.411141
1.275588
1.409851
1.021265
1.402105
1.054830
1.389195
1.001900
1.374994
1.009646
1.391777
1.031593
1.402105
1.017392
1.404687
1.426633
1.413723
1.418887
1.408560
1.425342
1.399523
1.411141
1.404687
1.416305
1.412432
1.438252
1.418887
1.411141
1.402105
1.411141
1.411141
1.420178
1.416305
1.434379
1.427924
1.430506
1.405978
1.429215
1.396941
1.416305
1.386613
1.400814
1.386613
1.390486
1.393068
1.391777
1.386613
1.405978
1.404687
1.421469
1.420178
1.425342
1.421469
1.427924
1.405978
1.434379
1.408560
1.417596
1.404687
1.429215
1.417596
1.431797
1.424051
1.436961
1.429215
1.447289
1.434379
1.458908
1.429215
1.431797
1.411141
1.417596
1.390486
1.399523
1.393068
1.408560
1.391777
1.407269
1.399523
1.417596
1.396941
1.420178
1.408560
1.424051
1.408560
1.422760
1.408560
1.416305
1.404687
1.416305
1.394359
1.398232
1.381449
1.399523
1.389195
1.402105
1.387904
1.408560
1.405978
1.416305
1.412432
1.429215
1.418887
1.425342
1.418887
1.417596
1.398232
1.404687
1.404687
1.415014
1.404687
1.422760
1.407269
1.442125
1.429215
1.440834
1.439543
1.447289
1.420178
1.426633
1.408560
1.417596
1.405978
1.413723
1.408560
1.440834
1.438252
1.456326
1.451162
1.467945
1.440834
1.433088
1.439543
1.417596
1.435670
1.438252
1.395650
1.395650
1.371121
1.360793
1.349174
1.353047
1.350465
1.368539
1.364666
1.398232
1.391777
1.418887
1.409851
1.415014
1.407269
1.416305
1.204584
1.407269
1.398232
1.415014
1.363375
1.403396
1.390486
1.416305
1.420178
1.443416
1.430506
1.448580
1.439543
1.456326
1.442125
1.412432
1.424051
1.424051
1.425342
1.435670
1.415014
1.411141
1.394359
1.407269
1.384031
1.404687
1.390486
1.418887
1.412432
1.430506
1.424051
1.445998
1.443416
1.455035
1.434379
1.442125
1.403396
1.425342
1.391777
1.393068
1.369830
1.387904
1.384031
1.398232
1.403396
1.421469
1.409851
1.415014
1.405978
1.417596
1.395650
1.412432
1.384031
1.395650
1.369830
1.372412
1.346592
1.374994
1.373703
1.390486
1.389195
1.425342
1.433088
1.449871
1.433088
1.443416
1.422760
1.429215
1.409851
1.413723
1.399523
1.421469
1.415014
1.427924
1.405978
1.421469
1.409851
1.425342
1.417596
1.431797
1.426633
1.448580
1.431797
1.436961
1.413723
1.409851
1.393068
1.404687
1.398232
1.412432
1.409851
1.427924
1.425342
1.435670
1.430506
1.448580
1.442125
1.451162
1.433088
1.436961
1.412432
1.417596
1.402105
1.413723
1.390486
1.417596
1.400814
1.411141
1.403396
1.422760
1.427924
1.427924
1.427924
1.433088
1.427924
1.421469
1.404687
1.360793
1.386613
1.120670
1.382740
1.341428
1.387904
1.292371
1.381449
1.279461
1.399523
1.257515
1.393068
1.301408
1.396941
1.276879
1.409851
1.260097
1.395650
1.280752
1.381449
1.257515
1.389195
1.400814
1.404687
1.298826
1.405978
1.217494
1.440834
1.431797
1.443416
0.982535
1.346592
1.238150
1.407269
0.920568
1.398232
1.394359
1.405978
1.137453
1.412432
1.285916
1.436961
1.360793
1.443416
1.163273
1.434379
1.249769
1.408560
1.203293
1.384031
1.217494
1.400814
1.221367
1.391777
1.232986
1.407269
1.257515
1.422760
1.282043
1.443416
1.283334
1.430506
1.242023
1.409851
1.185220
1.400814
1.363375
1.382740
1.226531
1.400814
1.306572
1.394359
1.251060
1.393068
1.390486
1.416305
1.353047
1.440834
1.387904
1.430506
1.319482
1.420178
1.276879
1.408560
1.279461
1.404687
1.311736
1.408560
1.242023
1.404687
1.314318
1.424051
1.282043
1.420178
1.378867
1.403396
1.258806
1.408560
1.387904
1.403396
1.140035
1.373703
1.386613
1.391777
1.344010
1.408560
1.289789
1.404687
1.293662
1.389195
1.262678
1.393068
1.202002
1.389195
1.177474
1.400814
1.054830
1.415014
1.395650
1.424051
1.313027
1.431797
1.218785
1.420178
1.180056
1.403396
1.069031
1.396941
1.140035
1.395650
1.331101
1.402105
1.186511
1.418887
1.177474
1.415014
1.018683
1.430506
1.226531
1.421469
1.282043
1.415014
1.137453
1.405978
1.389195
1.407269
1.160691
1.411141
1.149072
1.418887
1.158109
1.443416
1.189092
1.458908
1.049666
1.460199
1.462781
1.451162
1.171019
1.430506
1.128416
1.407269
1.083232
1.404687
1.254933
1.395650
1.074195
1.400814
0.994154
1.382740
1.172310
1.380158
1.119379
1.386613
1.115506
1.400814
1.107761
1.394359
1.142617
1.390486
1.036757
1.402105
1.074195
1.398232
1.061285
1.416305
1.093560
1.431797
1.093560
1.438252
1.045793
1.430506
1.199420
1.418887
1.279461
1.416305
1.045793
1.435670
1.307863
1.367248
0.832781
1.378867
1.034175
1.279461
1.198129
1.266551
1.169728
1.266551
1.003191
1.253642
1.393068
1.236859
1.119379
1.247187
1.014810
1.234277
0.985117
1.248478
1.074195
1.226531
1.052248
1.260097
1.266551
1.252351
0.822453
1.274297
1.226531
1.297535
1.205875
1.289789
1.155527
1.227822
0.976080
1.310445
0.619769
1.364666
1.093560
1.232986
1.130998
1.266551
1.130998
1.261388
1.098724
1.275588
1.252351
1.254933
1.065158
1.257515
1.422760
1.220076
1.262678
1.256224
1.386613
1.198129
1.393068
1.293662
1.415014
1.253642
1.427924
1.280752
1.435670
1.278170
1.416305
1.261388
1.431797
1.123252
1.402105
1.279461
1.399523
1.291080
1.391777
1.223949
1.390486
1.251060
1.407269
1.279461
1.417596
1.243314
1.424051
1.278170
1.429215
1.327228
1.425342
1.265260
1.407269
1.248478
1.402105
1.271715
1.404687
1.254933
1.411141
1.271715
1.427924
1.329810
1.447289
1.209748
1.433088
1.279461
1.429215
1.413723
1.430506
1.325937
1.372412
1.205875
1.358211
1.220076
1.373703
1.203293
1.376285
1.328519
1.394359
1.235568
1.393068
1.238150
1.389195
1.218785
1.385322
1.136162
1.403396
1.133580
1.394359
1.232986
1.394359
1.243314
1.394359
1.230404
1.413723
1.267842
1.422760
1.244605
1.413723
1.254933
1.408560
0.883130
1.405978
1.301408
1.405978
1.263969
1.429215
1.305281
1.429215
1.254933
1.425342
1.203293
1.407269
1.196838
1.402105
1.048375
1.396941
1.217494
1.391777
1.220076
1.395650
1.234277
1.407269
1.231695
1.425342
1.263969
1.449871
1.284625
1.448580
1.273006
1.435670
1.243314
1.422760
1.222658
1.373703
1.247187
1.358211
1.209748
1.380158
1.205875
1.384031
1.200711
1.378867
1.176183
1.390486
1.249769
1.409851
1.202002
1.405978
1.247187
1.412432
1.211039
1.408560
1.199420
1.390486
1.183929
1.398232
1.191674
1.396941
1.182638
1.396941
1.191674
1.411141
1.202002
1.425342
1.203293
1.426633
1.415014
1.415014
0.890875
1.418887
1.362084
1.405978
1.186511
1.407269
1.195547
1.411141
1.072904
1.399523
1.151654
1.391777
1.132289
1.389195
1.132289
1.405978
1.136162
1.402105
1.138744
1.393068
1.105179
1.393068
1.152945
1.415014
1.211039
1.400814
1.163273
1.396941
1.116797
1.412432
1.101306
1.415014
1.389195
1.409851
1.092269
1.421469
1.128416
1.411141
1.096142
1.412432
1.211039
1.412432
1.103888
1.418887
1.093560
1.415014
1.079359
1.420178
1.047084
1.412432
1.049666
1.408560
0.630097
1.400814
1.418887
1.411141
1.418887
1.416305
1.424051
1.408560
1.413723
1.412432
1.421469
1.408560
1.402105
1.389195
1.399523
1.402105
1.418887
1.403396
1.411141
1.409851
1.413723
1.403396
1.415014
1.407269
1.421469
1.408560
1.421469
1.407269
1.417596
1.408560
1.420178
1.411141
1.426633
1.416305
1.431797
1.421469
1.431797
1.413723
1.421469
1.398232
1.407269
1.394359
1.404687
1.391777
1.404687
1.386613
1.425342
1.409851
1.418887
1.416305
1.438252
1.421469
1.439543
1.420178
1.418887
1.402105
1.421469
1.409851
1.418887
1.415014
1.426633
1.418887
1.427924
1.408560
1.418887
1.398232
1.412432
1.400814
1.409851
1.396941
1.400814
1.390486
1.399523
1.362084
1.377576
1.398232
1.427924
1.426633
1.440834
1.439543
1.447289
1.416305
1.445998
1.418887
1.422760
1.399523
1.408560
1.398232
1.420178
1.411141
1.440834
1.425342
1.445998
1.425342
1.443416
1.416305
1.411141
1.394359
1.398232
1.396941
1.394359
1.389195
1.403396
1.391777
1.408560
1.404687
1.430506
1.421469
1.447289
1.429215
1.449871
1.438252
1.433088
1.404687
1.407269
1.396941
1.411141
1.382740
1.402105
1.381449
1.398232
1.380158
1.400814
1.394359
1.411141
1.399523
1.413723
1.413723
1.443416
1.422760
1.429215
1.407269
1.417596
1.404687
1.413723
1.404687
1.425342
1.415014
1.435670
1.421469
1.412432
1.396941
1.411141
1.407269
1.431797
1.424051
1.443416
1.444707
1.435670
1.417596
1.425342
1.415014
1.418887
1.408560
1.418887
1.404687
1.408560
1.395650
1.402105
1.394359
1.409851
1.399523
1.408560
1.409851
1.427924
1.424051
1.417596
1.385322
1.389195
1.363375
1.395650
1.385322
1.374994
1.372412
1.386613
1.378867
1.395650
1.393068
1.411141
1.408560
1.408560
1.411141
1.413723
1.418887
1.438252
1.431797
1.427924
1.408560
1.426633
1.427924
1.447289
1.427924
1.431797
1.407269
1.420178
1.404687
1.421469
1.416305
1.438252
1.422760
1.435670
1.418887
1.415014
1.394359
1.403396
1.387904
1.409851
1.398232
1.405978
1.396941
1.415014
1.402105
1.415014
1.398232
1.420178
1.415014
1.420178
1.422760
1.425342
1.407269
1.405978
1.405978
1.411141
1.404687
1.417596
1.404687
1.411141
1.393068
1.412432
1.412432
1.431797
1.436961
1.448580
1.460199
1.460199
1.442125
1.453744
1.429215
1.430506
1.411141
1.412432
1.405978
1.409851
1.395650
1.368539
1.390486
1.256224
1.398232
1.088396
1.393068
1.258806
1.409851
1.292371
1.387904
0.485507
1.377576
1.340137
1.390486
1.342719
1.386613
1.333683
1.393068
1.365957
1.404687
1.416305
1.396941
1.315609
1.424051
1.297535
1.415014
1.365957
1.436961
1.226531
1.420178
1.289789
1.415014
0.787597
1.408560
1.307863
1.403396
1.232986
1.415014
1.369830
1.396941
1.196838
1.396941
1.412432
1.412432
1.252351
1.398232
1.289789
1.435670
1.291080
1.407269
1.287207
1.425342
1.243314
1.399523
1.362084
1.395650
1.400814
1.400814
1.262678
1.413723
1.266551
1.433088
1.297535
1.426633
1.269133
1.417596
1.247187
1.404687
1.291080
1.403396
1.258806
1.407269
1.163273
1.408560
1.418887
1.424051
1.431797
1.417596
1.368539
1.394359
0.819871
1.408560
1.409851
1.407269
1.313027
1.409851
1.282043
1.402105
1.386613
1.418887
1.235568
1.433088
1.324646
1.430506
1.310445
1.415014
1.279461
1.402105
1.251060
1.386613
1.245896
1.386613
1.229113
1.403396
1.380158
1.434379
1.387904
1.424051
1.085814
1.425342
1.345301
1.417596
1.240732
1.399523
1.231695
1.393068
1.300117
1.389195
1.140035
1.390486
1.234277
1.404687
1.199420
1.416305
1.185220
1.430506
1.183929
1.433088
1.225240
1.412432
1.081941
1.396941
1.283334
1.393068
1.145199
1.402105
1.351756
1.374994
1.427924
1.429215
1.234277
1.422760
1.235568
1.413723
1.146490
1.395650
1.118088
1.380158
1.058703
1.391777
1.110343
1.400814
1.154236
1.424051
1.169728
1.433088
1.195547
1.431797
1.101306
1.408560
1.090978
1.395650
1.140035
1.387904
1.120670
1.403396
1.120670
1.422760
1.363375
1.422760
1.140035
1.413723
1.192965
1.424051
1.056121
1.425342
1.106470
1.403396
1.110343
1.387904
1.057412
1.404687
1.107761
1.418887
1.300117
1.425342
1.041920
1.436961
1.159400
1.422760
1.118088
1.403396
1.058703
1.400814
1.134871
1.398232
1.183929
1.396941
1.196838
1.284625
1.147781
1.120670
1.178765
1.245896
0.863765
1.296244
1.145199
1.067740
1.194256
1.223949
1.085814
1.297535
1.038047
1.273006
0.990281
1.285916
1.127125
1.282043
1.136162
1.266551
1.187801
1.231695
1.229113
1.239441
1.150363
1.209748
1.165855
1.195547
1.282043
1.230404
1.137453
1.254933
1.164564
1.211039
1.199420
1.265260
1.169728
1.362084
1.234277
1.216203
0.887003
1.269133
1.195547
1.132289
1.186511
1.248478
0.874093
1.270424
1.424051
1.338846
1.429215
1.278170
1.416305
1.245896
1.411141
1.202002
1.400814
1.238150
1.390486
1.244605
1.393068
1.260097
1.407269
1.267842
1.413723
1.298826
1.427924
1.337555
1.427924
1.415014
1.424051
1.221367
1.429215
1.221367
1.431797
1.296244
1.436961
1.275588
1.402105
1.248478
1.393068
1.257515
1.380158
1.223949
1.376285
1.221367
1.368539
1.223949
1.391777
1.249769
1.417596
1.398232
1.430506
1.275588
1.433088
1.276879
1.433088
1.289789
1.433088
1.279461
1.434379
1.365957
1.431797
1.269133
1.417596
1.031593
1.394359
1.318191
1.386613
1.238150
1.376285
1.214912
1.378867
1.251060
1.395650
1.240732
1.411141
1.256224
1.409851
1.251060
1.398232
1.214912
1.400814
1.213621
1.360793
1.078068
1.341428
1.178765
1.364666
1.223949
1.400814
1.387904
1.424051
1.249769
1.421469
1.242023
1.407269
1.267842
1.405978
1.307863
1.393068
1.138744
1.420178
1.291080
1.433088
1.275588
1.425342
1.253642
1.413723
1.245896
1.413723
1.236859
1.403396
1.169728
1.389195
1.209748
1.386613
1.229113
1.407269
1.239441
1.435670
1.270424
1.443416
1.313027
1.438252
1.234277
1.413723
1.274297
1.391777
1.194256
1.395650
1.380158
1.402105
1.336264
1.424051
1.253642
1.447289
1.128416
1.436961
1.252351
1.421469
1.221367
1.416305
1.217494
1.412432
1.198129
1.391777
1.168437
1.385322
1.177474
1.405978
1.182638
1.398232
1.302699
1.402105
1.160691
1.398232
1.180056
1.399523
1.174892
1.405978
1.154236
1.393068
1.114215
1.380158
1.138744
1.389195
1.038047
1.399523
1.151654
1.400814
1.158109
1.402105
1.127125
1.404687
1.160691
1.402105
1.141326
1.404687
1.123252
1.381449
1.085814
1.386613
1.124543
1.391777
1.110343
1.395650
1.253642
1.430506
1.079359
1.429215
1.069031
1.421469
1.154236
1.418887
0.958007
1.405978
1.081941
1.386613
0.990281
1.398232
1.205875
1.422760
1.109052
1.429215
1.089687
1.420178
1.052248
1.405978
1.029011
1.395650
1.027720
1.403396
1.411141
1.385322
1.408560
1.402105
1.418887
1.404687
1.422760
1.421469
1.438252
1.422760
1.424051
1.398232
1.408560
1.408560
1.413723
1.411141
1.438252
1.424051
1.443416
1.426633
1.431797
1.394359
1.412432
1.407269
1.435670
1.422760
1.430506
1.416305
1.424051
1.407269
1.408560
1.390486
1.404687
1.391777
1.399523
1.376285
1.394359
1.408560
1.408560
1.422760
1.439543
1.425342
1.440834
1.430506
1.440834
1.422760
1.430506
1.417596
1.427924
1.415014
1.425342
1.400814
1.433088
1.389195
1.418887
1.408560
1.430506
1.416305
1.427924
1.404687
1.416305
1.385322
1.390486
1.372412
1.384031
1.373703
1.387904
1.373703
1.402105
1.391777
1.409851
1.408560
1.425342
1.408560
1.415014
1.403396
1.420178
1.413723
1.427924
1.412432
1.416305
1.403396
1.418887
1.402105
1.431797
1.407269
1.448580
1.409851
1.433088
1.416305
1.427924
1.415014
1.412432
1.404687
1.422760
1.404687
1.420178
1.396941
1.418887
1.404687
1.425342
1.415014
1.429215
1.409851
1.425342
1.407269
1.421469
1.407269
1.422760
1.411141
1.427924
1.420178
1.436961
1.420178
1.430506
1.411141
1.416305
1.402105
1.417596
1.430506
1.434379
1.329810
1.407269
1.405978
1.427924
1.415014
1.424051
1.409851
1.425342
1.415014
1.436961
1.433088
1.442125
1.424051
1.429215
1.407269
1.417596
1.402105
1.412432
1.399523
1.412432
1.403396
1.413723
1.399523
1.415014
1.404687
1.421469
1.431797
1.438252
1.427924
1.444707
1.434379
1.444707
1.475691
1.436961
1.405978
1.420178
1.409851
1.418887
1.403396
1.275588
1.391777
1.396941
1.389195
1.409851
1.391777
1.416305
1.405978
1.413723
1.398232
1.415014
1.407269
1.387904
1.404687
1.417596
1.411141
1.426633
1.416305
1.429215
1.416305
1.433088
1.426633
1.433088
1.415014
1.415014
1.381449
1.393068
1.223949
1.404687
1.405978
1.426633
1.416305
1.440834
1.447289
1.456326
1.440834
1.443416
1.427924
1.433088
1.409851
1.412432
1.399523
1.415014
1.415014
1.411141
1.395650
1.393068
1.380158
1.390486
1.389195
1.403396
1.405978
1.266551
1.402105
1.415014
1.404687
1.285916
1.396941
1.333683
1.391777
1.202002
1.396941
1.319482
1.420178
1.243314
1.418887
1.239441
1.424051
1.374994
1.426633
1.276879
1.422760
1.291080
1.405978
1.288498
1.403396
1.267842
1.407269
1.279461
1.407269
1.313027
1.407269
1.249769
1.407269
1.282043
1.412432
1.284625
1.430506
1.365957
1.430506
1.269133
1.415014
1.124543
1.415014
1.325937
1.431797
0.979953
1.399523
1.310445
1.407269
1.294953
1.405978
1.223949
1.398232
1.271715
1.396941
1.266551
1.385322
1.260097
1.402105
1.265260
1.417596
1.214912
1.421469
1.203293
1.416305
1.411141
1.412432
1.236859
1.430506
1.309154
1.342719
1.332392
1.404687
1.244605
1.400814
1.236859
1.431797
1.265260
1.407269
1.405978
1.413723
1.378867
1.405978
1.365957
1.411141
1.301408
1.424051
1.328519
1.408560
1.301408
1.394359
1.328519
1.404687
1.261388
1.409851
1.315609
1.409851
1.291080
1.416305
1.333683
1.447289
1.324646
1.445998
1.189092
1.434379
1.311736
1.403396
1.172310
1.398232
1.341428
1.167146
1.183929
1.394359
1.088396
1.412432
1.408560
1.421469
1.146490
1.420178
1.161982
1.417596
1.189092
1.409851
1.116797
1.404687
1.172310
1.407269
1.142617
1.407269
1.142617
1.371121
1.022556
1.418887
1.160691
1.409851
1.158109
1.402105
1.149072
1.408560
1.048375
1.426633
1.155527
1.078068
0.788888
1.427924
1.169728
1.403396
1.133580
1.386613
1.132289
1.369830
1.070322
1.374994
0.916695
1.390486
1.119379
1.412432
1.118088
1.413723
1.127125
1.411141
1.133580
1.425342
1.141326
1.429215
1.360793
1.407269
1.070322
1.389195
1.172310
1.398232
1.097433
1.416305
1.097433
1.426633
1.067740
1.341428
0.870220
1.413723
1.059994
1.407269
1.118088
1.399523
1.146490
1.385322
1.110343
1.245896
1.195547
1.314318
1.134871
1.297535
1.164564
1.276879
1.130998
1.261388
1.097433
1.258806
1.098724
1.263969
0.977371
1.247187
1.396941
1.262678
1.151654
1.278170
1.190383
1.263969
1.211039
1.274297
1.209748
1.235568
1.172310
1.123252
1.307863
1.249769
1.123252
1.273006
1.156818
1.298826
1.163273
1.280752
1.145199
1.283334
1.424051
1.258806
1.093560
1.137453
1.160691
1.222658
1.112924
1.106470
1.393068
1.275588
1.424051
1.243314
1.408560
1.288498
1.415014
1.282043
1.407269
1.291080
1.384031
1.376285
1.399523
1.311736
1.402105
1.285916
1.394359
1.248478
1.391777
1.247187
1.405978
1.248478
1.396941
1.256224
1.404687
1.252351
1.416305
1.269133
1.405978
1.226531
1.387904
1.266551
1.391777
1.307863
1.389195
1.119379
1.400814
1.253642
1.412432
1.269133
1.439543
1.297535
1.448580
1.292371
1.456326
1.418887
1.415014
1.398232
1.407269
1.254933
1.398232
1.218785
1.380158
1.202002
1.385322
1.165855
1.405978
1.256224
1.395650
1.239441
1.395650
1.236859
1.384031
1.243314
1.386613
1.044502
1.389195
1.279461
1.416305
1.271715
1.420178
1.337555
1.405978
1.240732
1.404687
1.254933
1.415014
1.252351
1.430506
1.390486
1.425342
1.320773
1.435670
1.332392
1.417596
1.263969
1.407269
1.248478
1.413723
1.266551
1.416305
1.244605
1.394359
1.238150
1.391777
1.226531
1.405978
1.239441
1.399523
1.284625
1.429215
1.276879
1.440834
1.258806
1.407269
1.208457
1.380158
1.213621
1.386613
1.192965
1.384031
1.178765
1.377576
1.203293
1.391777
1.142617
1.400814
1.195547
1.403396
1.213621
1.413723
1.213621
1.409851
1.213621
1.386613
1.287207
1.387904
1.169728
1.365957
1.163273
1.364666
1.177474
1.389195
1.199420
1.411141
1.222658
1.425342
1.223949
1.416305
1.207166
1.411141
1.195547
1.399523
1.195547
1.417596
1.128416
1.407269
1.190383
1.409851
1.150363
1.421469
1.209748
1.408560
1.186511
1.411141
1.270424
1.430506
1.187801
1.421469
1.189092
1.411141
1.183929
1.404687
1.163273
1.394359
1.158109
1.398232
1.129707
1.407269
1.178765
1.425342
1.161982
1.422760
1.149072
1.409851
1.147781
1.418887
1.424051
1.418887
1.244605
1.399523
1.358211
1.396941
1.155527
1.412432
1.124543
1.434379
1.273006
1.421469
1.145199
1.426633
1.173601
1.425342
1.103888
1.409851
1.093560
1.399523
1.080650
1.380158
1.048375
1.368539
1.057412
1.376285
1.043211
1.398232
1.061285
1.442125
1.076777
1.456326
1.066449
1.442125
1.425342
1.387904
1.376285
1.371121
1.396941
1.381449
1.400814
1.382740
1.425342
1.404687
1.418887
1.395650
1.400814
1.402105
1.409851
1.399523
1.412432
1.394359
1.403396
1.398232
1.404687
1.394359
1.416305
1.408560
1.434379
1.418887
1.413723
1.408560
1.418887
1.405978
1.413723
1.403396
1.417596
1.409851
1.408560
1.413723
1.394359
1.378867
1.409851
1.402105
1.424051
1.409851
1.409851
1.409851
1.429215
1.416305
1.426633
1.412432
1.427924
1.395650
1.398232
1.390486
1.413723
1.402105
1.424051
1.409851
1.429215
1.422760
1.438252
1.424051
1.438252
1.413723
1.431797
1.413723
1.417596
1.404687
1.421469
1.399523
1.398232
1.378867
1.422760
1.405978
1.435670
1.435670
1.465363
1.445998
1.453744
1.430506
1.440834
1.417596
1.413723
1.402105
1.400814
1.378867
1.394359
1.387904
1.409851
1.404687
1.420178
1.408560
1.420178
1.418887
1.431797
1.408560
1.408560
1.381449
1.398232
1.382740
1.399523
1.377576
1.393068
1.374994
1.393068
1.387904
1.415014
1.402105
1.431797
1.424051
1.439543
1.418887
1.455035
1.440834
1.448580
1.420178
1.426633
1.402105
1.409851
1.387904
1.400814
1.380158
1.389195
1.381449
1.398232
1.404687
1.430506
1.425342
1.442125
1.409851
1.429215
1.415014
1.429215
1.405978
1.412432
1.407269
1.413723
1.407269
1.405978
1.404687
1.431797
1.412432
1.426633
1.413723
1.426633
1.415014
1.430506
1.427924
1.440834
1.421469
1.429215
1.413723
1.422760
1.412432
1.427924
1.416305
1.425342
1.404687
1.420178
1.409851
1.420178
1.404687
1.416305
1.400814
1.416305
1.405978
1.418887
1.400814
1.404687
1.394359
1.403396
1.403396
1.409851
1.393068
1.402105
1.405978
1.417596
1.409851
1.427924
1.425342
1.443416
1.438252
1.456326
1.448580
1.451162
1.430506
1.426633
1.413723
1.420178
1.402105
1.411141
1.393068
1.403396
1.391777
1.402105
1.390486
1.408560
1.390486
1.398232
1.387904
1.402105
1.387904
1.386613
1.377576
1.387904
1.382740
1.395650
1.391777
1.390486
1.380158
1.405978
1.412432
1.430506
1.425342
1.431797
1.415014
1.431797
1.417596
1.409851
1.384031
1.376285
1.359502
1.372412
1.376285
1.402105
1.403396
1.418887
1.425342
1.457617
1.461490
1.467945
1.444707
1.458908
1.453744
1.461490
1.445998
1.445998
1.429215
1.440834
1.425342
1.412432
1.402105
1.078068
1.399523
0.952843
1.412432
1.273006
1.407269
1.342719
1.396941
1.294953
1.376285
1.356920
1.380158
1.174892
1.387904
1.256224
1.408560
1.390486
1.434379
1.278170
1.422760
1.353047
1.404687
1.334974
1.412432
1.411141
1.408560
1.269133
1.409851
1.273006
1.408560
1.399523
1.425342
1.236859
1.431797
1.369830
1.445998
1.303990
1.436961
1.289789
1.420178
0.950261
1.394359
1.252351
1.393068
1.218785
1.398232
1.171019
1.415014
1.236859
1.421469
1.278170
1.422760
1.294953
1.421469
1.260097
1.400814
1.288498
1.385322
1.235568
1.374994
1.226531
1.376285
1.342719
1.407269
1.047084
1.399523
1.400814
1.409851
1.425342
1.427924
1.411141
1.438252
0.635261
1.426633
1.190383
1.413723
1.235568
1.404687
1.362084
1.399523
1.174892
1.417596
1.360793
1.420178
1.251060
1.411141
1.331101
1.403396
1.284625
1.395650
1.319482
1.386613
1.292371
1.399523
1.278170
1.412432
1.274297
1.395650
1.390486
1.291080
1.155527
1.411141
1.386613
1.430506
1.372412
1.429215
1.433088
1.426633
1.204584
1.412432
0.850855
1.407269
1.243314
1.415014
1.230404
1.420178
1.216203
1.421469
1.266551
1.418887
1.415014
1.412432
1.211039
1.407269
1.209748
1.402105
1.200711
1.405978
1.194256
1.411141
1.083232
1.429215
1.090978
1.429215
1.325937
1.415014
1.196838
1.415014
1.173601
1.416305
1.403396
1.408560
1.050957
1.412432
1.160691
1.404687
1.147781
1.399523
1.187801
1.411141
1.163273
1.407269
0.794052
1.403396
1.177474
1.411141
1.194256
1.402105
1.125834
1.385322
1.125834
1.394359
1.318191
1.380158
1.133580
1.424051
1.049666
1.443416
1.152945
1.451162
1.234277
1.438252
1.258806
1.422760
1.014810
1.408560
1.088396
1.391777
1.106470
1.391777
1.071613
1.390486
1.031593
1.415014
1.106470
1.426633
1.045793
1.429215
1.115506
1.422760
1.047084
1.415014
1.100015
1.396941
1.061285
0.778560
1.176183
1.421469
1.092269
1.282043
1.221367
1.279461
1.181347
1.231695
1.069031
1.232986
1.112924
1.253642
1.097433
1.244605
1.067740
1.252351
1.061285
1.266551
1.360793
1.354338
1.041920
1.254933
1.087105
1.240732
1.146490
1.240732
1.124543
1.244605
1.391777
1.283334
1.280752
1.270424
1.411141
1.258806
1.346592
1.421469
1.030302
1.325937
1.146490
1.163273
1.273006
1.293662
1.209748
1.287207
1.115506
1.262678
1.100015
1.247187
1.103888
1.273006
1.149072
1.256224
1.110343
1.226531
1.127125
1.180056
1.283334
1.229113
1.390486
1.262678
1.400814
1.265260
1.399523
1.266551
1.412432
1.279461
1.413723
1.380158
1.387904
1.360793
1.368539
1.218785
1.393068
1.263969
1.393068
1.207166
1.411141
1.291080
1.416305
1.279461
1.415014
1.305281
1.438252
1.303990
1.438252
1.292371
1.429215
1.282043
1.412432
1.377576
1.402105
1.257515
1.398232
1.251060
1.402105
1.238150
1.408560
1.260097
1.426633
1.230404
1.422760
1.305281
1.417596
1.245896
1.418887
1.344010
1.408560
1.245896
1.398232
1.229113
1.391777
1.230404
1.395650
1.243314
1.408560
1.164564
1.408560
1.256224
1.405978
1.242023
1.418887
1.254933
1.421469
1.249769
1.411141
1.212330
1.413723
1.310445
1.398232
1.243314
1.396941
1.257515
1.409851
0.952843
1.416305
1.120670
1.413723
1.316900
1.418887
1.248478
1.405978
1.254933
1.393068
1.236859
1.399523
1.243314
1.407269
1.251060
1.411141
1.262678
1.413723
1.256224
1.405978
0.959298
1.398232
1.223949
1.412432
1.254933
1.416305
1.265260
1.418887
1.236859
1.399523
1.220076
1.393068
1.253642
1.402105
0.923150
1.405978
1.258806
1.407269
1.230404
1.412432
1.239441
1.413723
1.239441
1.408560
1.227822
1.393068
1.203293
1.399523
1.223949
1.413723
1.232986
1.421469
1.275588
1.431797
1.243314
1.418887
1.240732
1.408560
1.253642
1.396941
1.220076
1.380158
1.152945
1.363375
1.036757
1.385322
1.058703
1.426633
1.119379
1.430506
1.266551
1.455035
1.227822
1.433088
1.223949
1.424051
1.196838
1.420178
1.202002
1.405978
1.182638
1.396941
1.158109
1.393068
1.150363
1.387904
1.158109
1.393068
1.176183
1.402105
1.161982
1.404687
1.178765
1.405978
1.161982
1.396941
1.155527
1.398232
1.103888
1.363375
1.351756
1.373703
1.269133
1.402105
1.172310
1.399523
1.154236
1.403396
1.152945
1.427924
1.160691
1.417596
1.310445
1.415014
1.182638
1.417596
1.191674
1.398232
1.202002
1.404687
1.182638
1.417596
1.146490
1.413723
1.169728
1.424051
1.341428
1.407269
0.770814
1.396941
1.076777
1.389195
1.075486
1.384031
1.030302
1.434379
1.121961
1.429215
1.101306
1.426633
1.103888
1.420178
1.053539
1.426633
0.956716
1.408560
1.034175
1.386613
1.396941
1.389195
1.409851
1.417596
1.429215
1.417596
1.425342
1.385322
1.403396
1.399523
1.411141
1.398232
1.407269
1.413723
1.405978
1.394359
1.408560
1.400814
1.416305
1.403396
1.393068
1.270424
1.394359
1.380158
1.402105
1.394359
1.400814
1.407269
1.435670
1.416305
1.433088
1.424051
1.429215
1.412432
1.424051
1.415014
1.430506
1.426633
1.436961
1.439543
1.442125
1.418887
1.413723
1.398232
1.415014
1.404687
1.404687
1.404687
1.416305
1.399523
1.413723
1.400814
1.412432
1.384031
1.417596
1.420178
1.439543
1.460199
1.464072
1.453744
1.462781
1.440834
1.448580
1.416305
1.407269
1.372412
1.387904
1.363375
1.387904
1.382740
1.400814
1.389195
1.408560
1.400814
1.409851
1.399523
1.417596
1.403396
1.421469
1.407269
1.415014
1.387904
1.396941
1.384031
1.404687
1.381449
1.398232
1.390486
1.407269
1.431797
1.451162
1.431797
1.435670
1.433088
1.449871
1.426633
1.433088
1.405978
1.400814
1.382740
1.399523
1.386613
1.407269
1.402105
1.415014
1.400814
1.404687
1.385322
1.396941
1.377576
1.395650
1.391777
1.403396
1.398232
1.422760
1.416305
1.425342
1.409851
1.434379
1.434379
1.433088
1.427924
1.316900
1.429215
1.444707
1.431797
1.440834
1.411141
1.421469
1.405978
1.417596
1.395650
1.408560
1.381449
1.403396
1.396941
1.411141
1.404687
1.424051
1.425342
1.447289
1.440834
1.448580
1.426633
1.442125
1.413723
1.420178
1.403396
1.407269
1.384031
1.395650
1.389195
1.372412
1.394359
1.417596
1.408560
1.431797
1.417596
1.430506
1.420178
1.438252
1.427924
1.429215
1.403396
1.413723
1.394359
1.408560
1.395650
1.416305
1.408560
1.409851
1.400814
1.418887
1.407269
1.421469
1.404687
1.415014
1.403396
1.417596
1.404687
1.413723
1.390486
1.403396
1.385322
1.398232
1.395650
1.408560
1.283334
1.420178
1.417596
1.429215
1.421469
1.430506
1.404687
1.412432
1.389195
1.409851
1.342719
1.400814
1.395650
1.407269
1.400814
1.420178
1.417596
1.416305
1.415014
1.426633
1.412432
1.421469
1.400814
1.413723
1.402105
1.421469
1.404687
1.415014
1.422760
1.438252
1.435670
1.448580
1.440834
1.455035
1.416305
1.443416
1.436961
1.443416
1.435670
1.438252
1.413723
1.412432
1.395650
1.393068
1.372412
1.376285
1.372412
1.367248
1.351756
1.371121
1.367248
1.382740
1.391777
1.420178
1.415014
1.425342
1.407269
1.425342
1.413723
1.424051
1.409851
1.421469
1.417596
1.426633
1.412432
1.425342
1.422760
1.425342
1.439543
1.427924
1.440834
1.439543
1.430506
1.417596
1.412432
1.367248
1.394359
1.356920
1.378867
1.262678
1.384031
1.187801
1.391777
1.265260
1.411141
1.300117
1.426633
1.262678
1.431797
1.283334
1.422760
1.263969
1.398232
1.323355
1.371121
1.240732
1.372412
1.243314
1.398232
1.235568
1.420178
1.315609
1.368539
1.252351
1.425342
0.835363
1.412432
1.345301
1.396941
1.245896
1.386613
1.198129
1.384031
1.332392
1.405978
1.263969
1.399523
1.276879
1.427924
1.253642
1.412432
1.039338
1.409851
1.242023
1.395650
1.230404
1.218785
1.209748
1.411141
1.231695
1.425342
1.249769
1.433088
1.417596
1.449871
1.274297
1.448580
1.443416
1.427924
1.263969
1.404687
1.262678
1.390486
1.186511
1.386613
1.227822
1.396941
1.273006
1.411141
1.240732
1.415014
1.171019
1.416305
1.269133
1.421469
1.421469
1.420178
1.322064
1.430506
1.336264
1.422760
1.285916
1.416305
1.356920
1.413723
1.211039
1.418887
1.409851
1.412432
1.346592
1.416305
1.333683
1.390486
1.292371
1.403396
1.356920
1.427924
1.448580
1.451162
1.309154
1.404687
1.265260
1.391777
1.283334
1.395650
1.298826
1.391777
1.178765
1.385322
1.151654
1.390486
1.203293
1.416305
1.100015
1.421469
1.282043
1.416305
1.230404
1.421469
1.385322
1.412432
1.276879
1.400814
0.954134
1.425342
1.398232
1.418887
1.327228
1.407269
1.133580
1.424051
1.353047
1.413723
1.183929
1.415014
1.163273
1.408560
1.132289
1.398232
1.150363
1.403396
1.167146
1.400814
1.183929
1.394359
1.154236
1.376285
1.127125
1.384031
1.083232
1.389195
1.075486
1.413723
1.238150
1.415014
1.251060
1.439543
1.118088
1.430506
1.161982
1.426633
1.333683
1.427924
1.145199
1.433088
1.199420
1.430506
1.168437
1.422760
1.405978
1.422760
1.136162
1.409851
1.102597
1.336264
1.138744
1.400814
0.880548
1.395650
1.160691
1.402105
1.127125
1.399523
1.062576
1.398232
1.071613
1.399523
1.025138
1.404687
1.022556
1.390486
1.195547
1.396941
1.137453
1.395650
1.053539
1.390486
1.333683
1.424051
1.089687
1.447289
1.136162
1.421469
1.194256
1.354338
1.205875
1.320773
1.138744
1.102597
1.123252
1.238150
1.058703
1.211039
1.063867
1.216203
1.065158
1.256224
1.063867
1.276879
1.056121
1.271715
0.818580
1.355629
1.098724
1.359502
1.123252
1.253642
1.240732
1.285916
1.236859
1.271715
1.227822
1.314318
1.134871
1.269133
1.149072
1.294953
1.276879
1.274297
1.147781
1.284625
1.164564
1.242023
1.083232
1.306572
1.007064
1.260097
1.174892
1.282043
1.119379
1.265260
1.127125
1.242023
1.226531
1.256224
1.176183
1.234277
1.422760
1.251060
1.396941
1.289789
1.385322
1.238150
1.377576
1.230404
1.393068
1.235568
1.403396
1.253642
1.400814
1.284625
1.395650
1.236859
1.413723
1.258806
1.417596
1.243314
1.429215
1.333683
1.417596
1.260097
1.417596
1.234277
1.427924
1.262678
1.431797
1.400814
1.429215
1.390486
1.412432
0.717884
1.396941
1.209748
1.391777
1.220076
1.399523
1.089687
1.402105
1.245896
1.408560
1.274297
1.409851
1.247187
1.384031
1.163273
1.386613
1.031593
1.387904
1.283334
1.409851
0.866347
1.411141
1.266551
1.422760
1.260097
1.421469
1.256224
1.407269
1.279461
1.405978
1.254933
1.417596
1.306572
1.409851
1.341428
1.402105
1.244605
1.405978
1.261388
1.416305
1.262678
1.417596
1.256224
1.405978
1.364666
1.407269
1.243314
1.408560
1.231695
1.398232
1.257515
1.407269
1.238150
1.407269
1.247187
1.413723
1.254933
1.415014
1.244605
1.402105
1.234277
1.384031
1.211039
1.381449
1.211039
1.389195
1.230404
1.394359
1.263969
1.396941
1.213621
1.395650
1.217494
1.411141
1.267842
1.426633
1.275588
1.443416
1.234277
1.411141
1.048375
1.421469
1.247187
1.434379
1.227822
1.389195
1.194256
1.369830
1.167146
1.385322
1.214912
1.405978
1.220076
1.421469
1.240732
1.431797
1.294953
1.421469
1.125834
1.408560
1.300117
1.415014
1.218785
1.409851
1.196838
1.389195
1.044502
1.402105
1.236859
1.398232
1.168437
1.382740
0.950261
1.372412
1.169728
1.387904
1.198129
1.405978
1.123252
1.411141
1.282043
1.409851
1.187801
1.400814
1.208457
1.424051
1.214912
1.434379
1.220076
1.440834
1.207166
1.412432
1.050957
1.399523
1.351756
1.415014
1.089687
1.413723
1.172310
1.407269
1.156818
1.399523
1.114215
1.407269
1.136162
1.404687
1.132289
1.393068
1.133580
1.384031
1.109052
1.408560
1.173601
1.431797
1.159400
1.422760
1.168437
1.411141
1.187801
1.413723
1.151654
1.408560
1.118088
1.394359
1.100015
1.380158
1.209748
1.384031
0.631388
1.384031
1.089687
1.417596
1.088396
1.409851
1.121961
1.409851
1.081941
1.418887
1.080650
1.436961
1.084523
1.442125
1.052248
1.422760
1.029011
1.403396
0.862474
1.399523
1.408560
1.393068
1.400814
1.393068
1.408560
1.404687
1.426633
1.416305
1.431797
1.405978
1.444707
1.402105
1.412432
1.421469
1.425342
1.409851
1.411141
1.404687
1.415014
1.399523
1.408560
1.400814
1.420178
1.412432
1.420178
1.408560
1.420178
1.402105
1.417596
1.396941
1.409851
1.399523
1.420178
1.405978
1.426633
1.416305
1.424051
1.408560
1.415014
1.394359
1.415014
1.402105
1.431797
1.420178
1.434379
1.426633
1.440834
1.418887
1.429215
1.403396
1.415014
1.404687
1.413723
1.404687
1.420178
1.404687
1.411141
1.405978
1.404687
1.395650
1.409851
1.402105
1.408560
1.398232
1.413723
1.409851
1.430506
1.416305
1.415014
1.415014
1.434379
1.425342
1.433088
1.427924
1.433088
1.404687
1.422760
1.391777
1.413723
1.373703
1.400814
1.404687
1.417596
1.413723
1.430506
1.422760
1.422760
1.409851
1.424051
1.421469
1.427924
1.404687
1.420178
1.404687
1.422760
1.415014
1.431797
1.416305
1.417596
1.394359
1.404687
1.390486
1.407269
1.400814
1.413723
1.400814
1.412432
1.394359
1.418887
1.415014
1.445998
1.426633
1.445998
1.399523
1.065158
1.420178
1.431797
1.416305
1.425342
1.398232
1.409851
1.396941
1.422760
1.402105
1.412432
1.395650
1.405978
1.381449
1.411141
1.405978
1.431797
1.412432
1.415014
1.400814
1.413723
1.407269
1.424051
1.409851
1.417596
1.405978
1.412432
1.400814
1.405978
1.416305
1.430506
1.421469
1.435670
1.421469
1.438252
1.431797
1.434379
1.408560
1.417596
1.418887
1.436961
1.426633
1.438252
1.427924
1.426633
1.408560
1.416305
1.407269
1.416305
1.396941
1.403396
1.381449
1.384031
1.376285
1.402105
1.381449
1.390486
1.380158
1.394359
1.389195
1.394359
1.387904
1.412432
1.400814
1.436961
1.411141
1.263969
1.407269
1.417596
1.416305
1.427924
1.424051
1.445998
1.447289
1.461490
1.448580
1.453744
1.444707
1.442125
1.427924
1.422760
1.403396
1.418887
1.407269
1.409851
1.391777
1.394359
1.387904
1.404687
1.380158
1.386613
1.377576
1.389195
1.378867
1.395650
1.389195
1.405978
1.403396
1.435670
1.427924
1.424051
1.412432
1.359502
1.429215
1.395650
1.439543
1.332392
1.421469
1.316900
1.424051
1.422760
1.416305
1.274297
1.382740
1.344010
1.371121
1.124543
1.362084
1.247187
1.384031
1.247187
1.420178
1.374994
1.413723
1.294953
1.408560
1.214912
1.394359
1.200711
1.400814
0.994154
1.415014
1.090978
1.424051
1.435670
1.427924
1.324646
1.418887
1.229113
1.422760
1.324646
1.427924
1.245896
1.420178
1.380158
1.425342
1.232986
1.425342
1.289789
1.418887
1.310445
1.411141
1.260097
1.415014
1.296244
1.452453
1.287207
1.444707
1.385322
1.444707
1.274297
1.422760
1.311736
1.389195
1.107761
1.396941
1.377576
1.289789
1.121961
1.395650
1.334974
1.389195
1.271715
1.381449
1.248478
1.372412
1.371121
1.381449
1.315609
1.424051
1.195547
1.439543
1.324646
1.415014
1.333683
1.391777
1.256224
1.386613
1.400814
1.396941
1.390486
1.409851
1.289789
1.412432
1.203293
1.411141
1.387904
1.394359
1.084523
1.420178
1.271715
1.417596
0.977371
1.413723
1.314318
1.415014
1.249769
1.402105
1.205875
1.407269
1.227822
1.403396
1.207166
1.412432
1.168437
1.098724
1.174892
1.415014
1.114215
1.424051
0.685609
1.427924
1.192965
1.417596
1.218785
1.403396
1.141326
1.405978
1.116797
1.442125
1.141326
1.409851
1.306572
1.333683
1.021265
1.411141
0.992863
1.422760
1.152945
1.430506
1.133580
1.400814
1.191674
1.395650
1.067740
1.395650
1.100015
1.411141
1.167146
1.417596
1.120670
1.409851
0.951552
1.407269
1.174892
1.416305
1.078068
1.424051
1.132289
1.430506
1.106470
1.405978
1.158109
1.376285
0.954134
1.396941
1.067740
1.385322
1.141326
1.398232
1.155527
1.398232
1.230404
1.278170
1.387904
1.202002
1.129707
1.341428
1.107761
1.252351
1.084523
1.256224
1.069031
1.238150
1.134871
1.247187
1.103888
1.245896
1.050957
1.287207
1.093560
1.283334
1.142617
1.244605
1.190383
1.266551
1.242023
0.774687
1.173601
1.323355
1.150363
1.211039
0.985117
1.296244
1.196838
1.267842
1.182638
1.291080
1.168437
1.302699
1.118088
1.262678
1.141326
1.280752
1.266551
1.229113
1.256224
1.262678
1.407269
1.248478
1.416305
1.282043
1.417596
1.266551
1.412432
1.260097
1.411141
1.285916
1.408560
1.261388
1.420178
1.403396
1.424051
1.331101
1.427924
1.301408
1.391777
1.225240
1.387904
1.276879
1.404687
1.252351
1.421469
1.276879
1.402105
1.252351
1.405978
1.189092
1.407269
1.292371
1.415014
1.252351
1.412432
1.253642
1.415014
1.218785
1.405978
1.266551
1.405978
1.262678
1.412432
1.252351
1.416305
0.968334
1.398232
1.333683
1.417596
1.364666
1.443416
1.303990
1.439543
1.300117
1.427924
1.280752
1.405978
1.247187
1.408560
1.239441
1.399523
1.238150
1.402105
1.243314
1.390486
1.229113
1.391777
0.883130
1.408560
1.212330
1.391777
1.231695
1.402105
1.234277
1.391777
1.225240
1.371121
1.207166
1.372412
1.180056
1.390486
1.196838
1.395650
1.010937
1.391777
1.212330
1.377576
1.213621
1.396941
1.220076
1.405978
1.238150
1.416305
1.254933
1.415014
1.303990
1.411141
1.239441
1.398232
1.225240
1.420178
1.254933
1.431797
1.220076
1.427924
1.230404
1.426633
1.231695
1.417596
1.225240
1.409851
1.218785
1.422760
1.195547
1.421469
1.196838
1.400814
1.155527
1.393068
1.182638
1.389195
1.173601
1.389195
1.172310
1.390486
1.173601
1.389195
1.159400
1.399523
1.181347
1.413723
1.181347
1.420178
1.204584
1.413723
1.181347
1.409851
1.192965
1.424051
1.180056
1.426633
1.234277
1.409851
1.156818
1.395650
1.114215
1.393068
1.387904
1.404687
1.114215
1.393068
1.045793
1.386613
1.116797
1.400814
1.138744
1.418887
1.235568
1.431797
1.220076
1.435670
1.142617
1.409851
1.130998
1.384031
1.182638
1.393068
1.078068
1.398232
1.071613
1.407269
1.105179
1.420178
1.332392
1.417596
1.081941
1.407269
1.007064
1.405978
1.048375
1.381449
1.052248
1.420178
1.372412
1.430506
1.447289
1.417596
1.417596
1.402105
1.417596
1.399523
1.408560
1.402105
1.412432
1.394359
1.402105
1.398232
1.408560
1.386613
1.405978
1.394359
1.408560
1.395650
1.416305
1.387904
1.411141
1.422760
1.425342
