1.476982
1.473109
1.471818
1.320773
1.434379
1.440834
1.434379
1.451162
1.474400
1.527330
1.527330
1.249769
1.514420
1.385322
1.462781
1.318191
1.431797
1.152945
1.405978
1.325937
1.403396
1.409851
1.422760
1.364666
1.451162
1.349174
1.416305
1.251060
1.405978
1.089687
1.422760
1.362084
1.439543
0.959298
1.466654
1.284625
1.465363
1.385322
1.482146
1.451162
1.466654
1.298826
1.486018
1.519584
1.518293
1.248478
1.518293
1.483437
1.507965
1.360793
1.506674
1.363375
1.457617
1.424051
1.405978
1.243314
1.377576
1.273006
1.413723
1.244605
1.469236
1.287207
1.469236
1.394359
1.466654
1.195547
1.457617
1.298826
1.453744
1.130998
1.449871
1.072904
1.447289
1.384031
1.399523
1.407269
1.408560
1.447289
1.445998
1.467945
1.461490
1.416305
1.455035
1.394359
1.430506
1.190383
1.439543
1.466654
1.482146
1.430506
1.483437
1.430506
1.496346
1.074195
1.484728
0.460978
1.470527
1.341428
1.431797
1.368539
1.443416
1.464072
1.447289
1.409851
1.453744
1.471818
1.436961
1.400814
1.417596
1.412432
1.381449
1.403396
1.413723
1.337555
1.456326
1.488600
1.466654
1.487309
1.455035
1.475691
1.449871
1.460199
1.427924
1.458908
1.448580
1.501510
1.482146
1.500219
1.448580
1.470527
1.451162
1.493764
1.461490
1.486018
1.457617
1.509256
1.484728
1.546695
1.515711
1.527330
1.495055
1.506674
1.452453
1.467945
1.415014
1.433088
1.405978
1.470527
1.433088
1.466654
1.411141
1.418887
1.371121
1.393068
1.389195
1.426633
1.404687
1.455035
1.449871
1.515711
1.496346
1.518293
1.476982
1.527330
1.486018
1.501510
1.442125
1.449871
1.400814
1.425342
1.400814
1.054830
1.417596
1.483437
1.460199
1.500219
1.471818
1.506674
1.452453
1.480855
1.438252
1.470527
1.424051
1.438252
1.409851
0.941224
1.456326
1.518293
1.495055
1.553150
1.528621
1.563477
1.517002
1.554441
1.502801
1.528621
1.496346
1.533785
1.491182
1.515711
1.451162
1.440834
1.378867
1.376285
1.149072
1.449871
1.420178
1.449871
1.407269
1.434379
1.337555
1.425342
1.393068
1.435670
1.425342
1.456326
1.402105
1.427924
1.384031
1.373703
1.389195
1.429215
1.395650
1.458908
1.443416
1.515711
1.500219
1.527330
1.453744
1.476982
1.418887
1.476982
1.434379
1.473109
1.448580
1.492473
1.444707
1.474400
1.448580
1.466654
1.427924
1.464072
1.402105
1.452453
1.421469
1.493764
1.461490
1.511838
1.476982
1.532494
1.487309
1.509256
1.451162
1.479564
1.440834
1.487309
1.409851
1.461490
1.402105
1.487309
1.469236
1.555732
1.549277
1.603498
1.532494
1.541531
1.462781
1.483437
1.425342
1.489891
1.451162
1.495055
1.425342
1.476982
1.449871
1.507965
1.475691
1.531203
1.489891
1.515711
1.453744
1.488600
1.453744
1.502801
1.462781
1.500219
1.439543
1.483437
1.442125
1.496346
1.457617
1.509256
1.456326
1.496346
1.424051
1.417596
1.386613
1.416305
1.362084
1.407269
1.384031
1.435670
1.396941
1.455035
1.415014
1.457617
1.425342
1.475691
1.440834
1.498928
1.456326
1.487309
1.436961
1.470527
1.424051
1.460199
1.416305
1.456326
1.434379
1.540240
1.514420
1.566059
1.523457
1.545404
1.476982
1.509256
1.482146
1.505383
1.451162
1.480855
1.404687
1.467945
1.161982
1.473109
1.421469
1.455035
1.430506
1.491182
1.443416
1.466654
1.430506
1.474400
1.404687
1.470527
1.443416
1.475691
1.430506
1.462781
1.402105
1.447289
1.415014
1.453744
1.402105
1.465363
1.417596
1.474400
1.440834
1.479564
1.431797
1.500219
1.470527
1.526039
1.493764
1.553150
1.509256
1.547986
1.491182
1.526039
1.487309
1.522166
1.482146
1.528621
1.478273
1.511838
1.448580
1.505383
1.469236
1.510547
1.482146
1.518293
1.460199
1.495055
1.440834
1.465363
1.417596
1.453744
1.430506
1.498928
1.487309
1.520875
1.465363
1.487309
1.452453
1.489891
1.448580
1.464072
1.389195
1.415014
1.359502
1.425342
1.385322
1.439543
1.420178
1.480855
1.457617
1.497637
1.448580
1.448580
1.371121
1.408560
1.378867
1.447289
1.409851
1.444707
1.377576
1.433088
1.395650
1.442125
1.417596
1.465363
1.461490
1.536367
1.479564
1.517002
1.475691
1.507965
1.458908
1.483437
1.443416
1.460199
1.415014
1.470527
1.453744
1.484728
1.429215
1.440834
1.390486
1.433088
1.402105
1.340137
1.394359
0.897330
1.390486
1.205875
1.434379
0.636552
1.452453
0.973498
1.425342
1.096142
1.435670
1.155527
1.452453
1.209748
1.461490
1.517002
1.482146
1.265260
1.476982
1.218785
1.478273
1.293662
1.479564
1.267842
1.504092
1.256224
1.460199
1.362084
1.458908
1.364666
1.470527
1.276879
1.493764
1.332392
1.466654
1.022556
1.381449
1.288498
1.427924
1.470527
1.456326
1.239441
1.443416
1.356920
1.422760
1.253642
1.431797
1.371121
1.448580
1.297535
1.449871
1.165855
1.415014
1.171019
1.403396
1.367248
1.400814
1.235568
1.400814
1.195547
1.431797
1.199420
1.438252
1.257515
1.433088
1.235568
1.433088
1.183929
1.411141
1.202002
1.408560
1.280752
1.431797
1.080650
1.436961
1.280752
1.424051
1.252351
1.443416
1.243314
1.415014
1.174892
1.434379
1.178765
1.466654
1.265260
1.484728
1.227822
1.469236
1.329810
1.449871
1.262678
1.440834
1.208457
1.408560
1.205875
1.422760
1.254933
1.453744
1.284625
1.470527
1.301408
1.475691
1.257515
1.439543
1.240732
1.453744
1.444707
1.457617
1.150363
1.447289
1.256224
1.374994
1.171019
1.359502
1.203293
1.411141
1.298826
1.425342
1.276879
1.438252
1.298826
1.465363
1.306572
1.456326
1.303990
1.467945
1.300117
1.421469
1.263969
1.424051
1.242023
1.412432
1.257515
1.442125
1.283334
1.438252
1.433088
1.420178
1.426633
1.393068
0.917986
1.390486
1.301408
1.394359
1.240732
1.424051
1.266551
1.433088
1.445998
1.449871
1.275588
1.430506
1.300117
1.439543
1.353047
1.447289
1.292371
1.440834
1.305281
1.448580
1.297535
1.470527
1.319482
1.493764
1.338846
1.471818
1.334974
1.484728
1.336264
1.461490
0.967043
1.386613
1.313027
1.359502
1.180056
1.371121
1.047084
1.405978
1.273006
1.421469
1.200711
1.431797
1.143908
1.405978
1.294953
1.436961
1.332392
1.464072
1.382740
1.464072
1.244605
1.484728
1.340137
1.470527
1.325937
1.482146
1.313027
1.474400
1.364666
1.504092
1.386613
1.452453
1.256224
1.439543
1.328519
1.402105
1.247187
1.373703
1.263969
1.400814
1.222658
1.448580
1.460199
1.479564
1.332392
1.471818
1.329810
1.438252
1.303990
1.418887
1.368539
1.418887
1.303990
1.442125
1.296244
1.430506
1.291080
1.444707
1.289789
1.399523
1.243314
1.373703
1.202002
1.390486
1.120670
1.408560
1.338846
1.396941
1.332392
1.408560
1.301408
1.425342
1.457617
1.455035
1.302699
1.475691
1.271715
1.467945
1.311736
1.424051
1.269133
1.425342
1.310445
1.427924
1.319482
1.445998
1.369830
1.469236
1.332392
1.492473
1.322064
1.449871
1.265260
1.426633
1.376285
1.438252
1.398232
1.471818
1.324646
1.471818
1.319482
1.442125
1.436961
1.436961
1.243314
1.372412
1.047084
1.381449
1.305281
1.426633
1.284625
1.421469
1.322064
1.466654
1.373703
1.486018
1.324646
1.462781
1.334974
1.464072
1.421469
1.425342
1.283334
1.427924
1.353047
1.426633
1.221367
1.447289
1.190383
1.461490
1.433088
1.478273
1.344010
1.457617
1.266551
1.478273
0.825035
1.461490
1.271715
1.452453
1.289789
1.435670
1.296244
1.435670
1.363375
1.451162
1.324646
1.232986
1.309154
1.269133
1.318191
1.202002
1.390486
1.307863
1.313027
1.171019
1.282043
1.199420
1.181347
1.176183
1.416305
1.173601
1.301408
1.430506
1.353047
1.225240
1.276879
1.302699
1.331101
1.230404
1.222658
1.226531
1.198129
1.385322
0.788888
1.074195
1.276879
1.244605
1.345301
1.163273
1.324646
1.141326
1.297535
1.198129
1.322064
1.220076
1.243314
1.145199
1.368539
1.238150
1.243314
1.059994
1.358211
1.195547
1.333683
1.260097
1.359502
1.282043
1.377576
1.287207
1.342719
1.289789
1.306572
1.019974
1.407269
1.103888
1.217494
1.143908
1.287207
1.194256
1.257515
1.094851
1.285916
1.132289
1.328519
1.084523
1.316900
1.102597
1.341428
1.172310
1.421469
0.846982
1.322064
1.289789
1.412432
1.194256
1.451162
1.385322
1.466654
1.382740
1.433088
1.132289
1.480855
1.269133
1.502801
1.227822
1.120670
1.232986
1.507965
1.257515
1.488600
1.453744
1.476982
1.067740
1.456326
1.161982
1.287207
1.229113
1.489891
1.147781
1.495055
1.238150
1.495055
0.840527
1.471818
1.297535
1.442125
1.221367
1.411141
1.124543
1.404687
1.123252
1.409851
1.190383
1.425342
1.182638
1.427924
1.152945
1.426633
1.202002
1.329810
1.167146
1.436961
0.859892
1.422760
0.948970
1.426633
1.409851
1.464072
1.296244
1.473109
1.252351
1.506674
1.280752
1.517002
1.249769
1.487309
1.300117
1.470527
1.289789
1.470527
1.205875
1.461490
1.202002
1.435670
1.191674
1.421469
1.155527
1.430506
1.249769
1.429215
1.231695
1.415014
1.240732
1.424051
0.525527
1.445998
1.242023
1.460199
0.965752
1.461490
1.244605
1.489891
1.381449
1.541531
1.456326
1.529912
1.517002
1.526039
1.380158
1.488600
1.458908
1.504092
1.212330
1.447289
1.231695
1.346592
1.248478
1.442125
1.242023
1.430506
1.287207
1.480855
1.261388
1.476982
1.225240
1.471818
1.293662
1.470527
1.309154
1.426633
1.434379
1.418887
0.449359
1.418887
1.425342
1.420178
1.440834
1.433088
1.232986
1.420178
1.320773
1.412432
1.187801
1.412432
1.396941
1.427924
1.442125
1.470527
1.338846
1.491182
1.479564
1.474400
1.440834
1.427924
1.430506
1.416305
1.353047
1.422760
1.303990
1.452453
1.342719
1.418887
1.408560
1.399523
1.245896
1.408560
1.430506
1.462781
1.209748
1.470527
1.385322
1.453744
1.381449
1.443416
1.362084
1.440834
1.291080
1.469236
1.402105
1.478273
1.438252
1.507965
1.412432
1.500219
1.381449
1.502801
1.332392
1.444707
1.336264
1.469236
1.344010
1.436961
1.350465
1.443416
1.098724
1.412432
1.431797
1.455035
1.355629
1.462781
1.465363
1.445998
1.456326
1.436961
1.359502
1.466654
1.387904
1.515711
1.386613
1.489891
1.376285
1.461490
1.262678
1.482146
1.359502
1.416305
1.324646
1.449871
1.282043
1.413723
1.424051
1.415014
1.325937
1.429215
1.420178
1.457617
1.307863
1.466654
1.393068
1.464072
0.769523
1.484728
1.338846
1.420178
1.279461
1.443416
1.183929
1.420178
1.412432
1.433088
1.362084
1.467945
1.378867
1.443416
1.271715
1.447289
1.296244
1.449871
1.430506
1.448580
1.369830
1.452453
1.327228
1.466654
1.405978
1.464072
1.345301
1.452453
1.452453
1.430506
1.436961
1.420178
0.987699
1.345301
1.438252
1.443416
1.417596
1.469236
1.465363
1.448580
1.489891
1.445998
1.405978
1.433088
1.405978
1.436961
1.349174
1.402105
1.403396
1.433088
1.398232
1.434379
1.331101
1.411141
1.342719
1.404687
1.368539
1.421469
1.404687
1.415014
1.252351
1.445998
1.438252
1.466654
1.488600
1.475691
1.535076
1.513129
1.542822
1.517002
1.523457
1.466654
1.482146
1.447289
1.413723
1.427924
1.458908
1.439543
1.479564
1.448580
1.470527
1.429215
1.474400
1.438252
1.484728
1.471818
1.507965
1.489891
1.533785
1.497637
1.510547
1.460199
1.504092
1.466654
1.478273
1.430506
1.453744
1.416305
1.453744
1.421469
1.458908
1.455035
1.484728
1.474400
1.505383
1.453744
1.482146
1.431797
1.464072
1.415014
1.444707
1.409851
1.453744
1.430506
1.473109
1.452453
1.476982
1.424051
1.439543
1.425342
1.480855
1.451162
1.495055
1.476982
1.515711
1.488600
1.502801
1.467945
1.518293
1.482146
1.497637
1.427924
1.426633
1.427924
1.489891
1.449871
1.473109
1.438252
1.475691
1.474400
1.524748
1.479564
1.514420
1.452453
1.483437
1.448580
1.464072
1.427924
1.453744
1.400814
1.436961
1.390486
1.405978
1.387904
1.457617
1.417596
1.461490
1.431797
1.464072
1.422760
1.444707
1.424051
1.455035
1.426633
1.471818
1.444707
1.497637
1.478273
1.531203
1.394359
1.511838
1.475691
1.504092
1.452453
1.491182
1.456326
1.491182
1.457617
1.487309
1.453744
1.501510
1.453744
1.510547
1.495055
1.546695
1.492473
1.502801
1.440834
1.480855
1.445998
1.502801
1.453744
1.495055
1.438252
1.478273
1.408560
1.448580
1.421469
1.480855
1.435670
0.987699
1.442125
1.470527
1.422760
1.453744
1.412432
1.455035
1.418887
1.474400
1.430506
1.506674
1.474400
1.526039
1.496346
1.541531
1.478273
1.518293
1.479564
1.483437
1.416305
1.434379
1.402105
1.470527
1.461490
1.483437
1.464072
1.483437
1.422760
1.487309
1.452453
1.518293
1.470527
1.505383
1.436961
1.456326
1.404687
1.453744
1.398232
1.484728
1.449871
1.486018
1.402105
1.424051
1.342719
1.455035
1.420178
1.486018
1.448580
1.502801
1.453744
1.486018
1.426633
1.460199
1.431797
1.519584
1.493764
1.551859
1.488600
1.520875
1.478273
1.513129
1.475691
1.517002
1.473109
1.505383
1.427924
1.456326
1.403396
1.484728
1.456326
1.533785
1.486018
1.513129
1.449871
1.470527
1.458908
1.484728
1.438252
1.471818
1.408560
1.455035
1.435670
1.466654
1.411141
1.453744
1.430506
1.505383
1.455035
1.496346
1.453744
1.492473
1.455035
1.522166
1.476982
1.509256
1.443416
1.471818
1.422760
1.470527
1.421469
1.466654
1.435670
1.495055
1.457617
1.498928
1.438252
1.502801
1.424051
1.444707
1.402105
1.478273
1.438252
1.488600
1.449871
1.493764
1.443416
1.511838
1.451162
1.467945
1.416305
1.462781
1.418887
1.462781
1.415014
1.460199
1.424051
1.464072
1.431797
1.457617
1.402105
1.451162
1.411141
1.449871
1.416305
1.456326
1.421469
1.489891
1.457617
1.513129
1.478273
1.510547
1.465363
1.553150
1.511838
1.532494
1.474400
1.537658
1.517002
1.546695
1.483437
1.522166
1.453744
1.483437
1.422760
1.439543
1.387904
1.431797
1.411141
1.455035
1.405978
1.447289
1.440834
1.487309
1.465363
1.537658
1.515711
1.564768
1.504092
1.524748
1.475691
1.514420
1.478273
1.501510
1.436961
1.434379
1.378867
1.404687
1.380158
1.451162
1.456326
1.509256
1.470527
1.473109
1.434379
1.467945
1.422760
1.172310
1.409851
1.063867
1.408560
1.059994
1.430506
1.156818
1.461490
1.100015
1.424051
1.080650
1.426633
1.121961
1.434379
1.150363
1.460199
1.465363
1.469236
1.278170
1.440834
1.145199
1.436961
1.278170
1.469236
1.287207
1.510547
1.156818
1.448580
1.310445
1.443416
1.293662
1.443416
1.258806
1.449871
1.171019
1.435670
1.198129
1.415014
1.239441
1.422760
1.262678
1.378867
1.389195
1.385322
1.183929
1.376285
1.101306
1.398232
1.192965
1.398232
1.205875
1.412432
1.475691
1.442125
1.194256
1.433088
1.347883
1.442125
1.334974
1.439543
1.078068
1.475691
1.296244
1.460199
1.243314
1.445998
1.278170
1.417596
1.258806
1.447289
1.220076
1.417596
1.130998
1.409851
1.204584
1.402105
1.213621
1.420178
1.232986
1.480855
1.267842
1.478273
1.293662
1.484728
1.327228
1.451162
1.393068
1.396941
1.119379
1.376285
1.248478
1.440834
1.440834
1.466654
1.216203
1.436961
1.242023
1.409851
1.227822
1.403396
1.226531
1.413723
1.249769
1.435670
1.248478
1.465363
1.311736
1.475691
1.167146
1.445998
1.172310
1.438252
1.199420
1.442125
1.294953
1.438252
1.257515
1.452453
1.311736
1.480855
1.390486
1.471818
1.391777
1.458908
1.365957
1.443416
1.262678
1.426633
1.331101
1.431797
1.416305
1.431797
1.273006
1.438252
1.274297
1.453744
1.325937
1.483437
1.328519
1.501510
1.275588
1.482146
1.362084
1.492473
1.381449
1.464072
1.096142
1.444707
1.239441
1.394359
1.354338
1.382740
1.183929
1.395650
1.263969
1.367248
0.921859
1.384031
1.409851
1.395650
1.263969
1.405978
1.342719
1.436961
1.303990
1.442125
1.340137
1.467945
1.307863
1.420178
1.244605
1.355629
1.213621
1.378867
1.287207
1.434379
1.297535
1.495055
1.355629
1.475691
1.358211
1.495055
1.515711
1.501510
1.315609
1.478273
1.350465
1.509256
1.340137
1.462781
1.457617
1.415014
1.365957
1.396941
1.180056
1.426633
1.467945
1.451162
1.305281
1.427924
1.270424
1.416305
1.395650
1.408560
1.245896
1.384031
1.256224
1.399523
1.147781
1.384031
1.285916
1.411141
1.313027
1.447289
1.344010
1.462781
1.365957
1.439543
1.270424
1.434379
1.334974
1.455035
1.285916
1.448580
1.195547
1.461490
1.380158
1.449871
1.225240
1.453744
1.265260
1.433088
1.293662
1.474400
1.230404
1.443416
1.062576
1.434379
1.244605
1.474400
1.340137
1.458908
1.322064
1.474400
1.400814
1.461490
1.385322
1.430506
1.276879
1.405978
1.274297
1.411141
1.260097
1.408560
1.280752
1.429215
1.337555
1.440834
1.417596
1.440834
1.284625
1.393068
1.253642
1.374994
1.230404
1.367248
1.263969
1.396941
0.854728
1.456326
1.341428
1.455035
1.345301
1.464072
1.345301
1.495055
1.389195
1.473109
1.177474
1.510547
1.294953
1.526039
1.376285
1.498928
1.354338
1.492473
1.347883
1.467945
1.300117
1.442125
1.318191
0.595240
1.165855
1.404687
1.313027
1.257515
1.236859
1.053539
1.386613
1.274297
1.310445
1.195547
1.443416
1.245896
1.293662
1.202002
1.280752
1.107761
1.305281
1.202002
1.404687
1.198129
1.196838
1.187801
1.217494
0.964461
1.240732
1.140035
1.180056
1.172310
1.302699
1.124543
1.323355
0.766941
1.293662
1.159400
1.458908
1.017392
1.442125
0.859892
1.360793
1.411141
1.455035
1.248478
1.021265
1.283334
1.324646
1.296244
1.222658
1.216203
1.285916
0.973498
1.256224
1.239441
1.341428
1.229113
1.398232
1.173601
1.349174
1.118088
1.331101
1.347883
1.328519
1.090978
1.358211
1.195547
1.400814
1.265260
1.426633
1.190383
1.430506
1.182638
1.368539
1.181347
1.471818
1.189092
1.436961
1.196838
1.443416
1.209748
1.434379
1.130998
1.453744
0.856019
1.478273
1.220076
1.491182
1.180056
1.478273
1.251060
1.498928
1.251060
1.504092
1.216203
1.507965
1.204584
1.466654
1.133580
1.398232
1.196838
1.390486
1.143908
1.425342
1.177474
1.134871
1.085814
1.417596
0.896039
1.451162
1.378867
1.460199
1.285916
1.460199
1.291080
1.451162
1.305281
1.460199
1.129707
1.465363
1.235568
1.455035
1.385322
1.430506
1.265260
1.421469
1.141326
1.426633
1.221367
1.460199
1.276879
1.510547
0.825035
1.484728
1.417596
1.449871
1.187801
1.438252
1.256224
1.420178
1.254933
1.487309
1.274297
1.471818
1.167146
1.470527
1.270424
1.500219
1.474400
1.440834
1.369830
1.411141
0.801798
1.418887
1.227822
1.422760
1.185220
1.407269
1.415014
1.403396
1.101306
1.443416
1.252351
1.460199
1.345301
1.500219
1.369830
1.507965
1.520875
1.540240
1.378867
1.545404
1.497637
1.517002
1.207166
1.467945
0.999318
1.431797
1.421469
1.403396
1.319482
1.412432
1.244605
1.457617
1.393068
1.461490
1.267842
1.445998
1.398232
1.409851
0.688191
1.415014
1.374994
1.443416
1.431797
1.491182
1.509256
1.532494
1.435670
1.524748
1.394359
1.458908
1.358211
1.425342
1.457617
1.438252
1.211039
1.408560
0.843109
1.427924
1.444707
1.220076
1.238150
1.480855
1.405978
1.439543
1.301408
1.404687
1.408560
1.444707
1.313027
1.475691
1.417596
1.471818
1.329810
1.480855
1.340137
1.471818
1.409851
1.425342
1.333683
1.404687
1.262678
1.412432
0.664953
1.482146
1.404687
1.513129
1.396941
1.476982
1.445998
1.473109
1.142617
1.464072
0.608150
1.445998
1.408560
1.451162
1.409851
1.453744
1.302699
1.418887
1.213621
1.403396
1.358211
1.422760
1.433088
1.460199
1.225240
1.449871
1.293662
1.455035
1.362084
1.457617
1.440834
1.412432
1.431797
1.451162
1.192965
1.489891
1.355629
1.461490
1.461490
1.412432
1.149072
1.418887
1.327228
1.302699
1.380158
1.333683
1.313027
1.480855
1.376285
1.489891
1.356920
1.442125
1.356920
1.440834
1.320773
1.461490
1.442125
1.500219
1.438252
1.514420
1.524748
1.478273
1.416305
1.421469
1.322064
1.403396
1.420178
1.402105
1.195547
1.412432
1.372412
1.438252
1.478273
1.457617
1.476982
1.461490
1.251060
1.435670
0.624933
1.456326
1.395650
1.439543
1.456326
1.444707
1.464072
1.433088
1.403396
1.422760
1.296244
1.417596
1.376285
1.438252
1.466654
1.418887
1.415014
1.390486
1.418887
1.387904
1.399523
1.384031
1.436961
1.420178
1.484728
1.462781
1.487309
1.469236
1.509256
1.510547
1.547986
1.531203
1.562186
1.541531
1.554441
1.489891
1.510547
1.475691
1.478273
1.436961
1.452453
1.425342
1.471818
1.430506
1.444707
1.420178
1.489891
1.491182
1.549277
1.507965
1.546695
1.513129
1.527330
1.482146
1.483437
1.424051
1.445998
1.438252
1.461490
1.449871
1.497637
1.466654
1.491182
1.465363
1.453744
1.394359
1.436961
1.409851
1.434379
1.416305
1.443416
1.420178
1.455035
1.431797
1.467945
1.433088
1.487309
1.439543
1.487309
1.482146
1.497637
1.449871
1.457617
1.435670
1.480855
1.447289
1.486018
1.486018
1.527330
1.498928
1.513129
1.457617
1.470527
1.409851
1.457617
1.417596
1.465363
1.435670
1.208457
1.483437
1.513129
1.434379
1.476982
1.408560
1.455035
1.430506
1.471818
1.443416
1.492473
1.444707
1.478273
1.439543
1.480855
1.436961
1.471818
1.444707
1.500219
1.461490
1.449871
1.458908
1.506674
1.458908
1.489891
1.438252
1.476982
1.427924
1.439543
1.411141
1.456326
1.426633
1.466654
1.421469
1.475691
1.440834
1.470527
1.464072
1.464072
1.452453
1.486018
1.434379
1.479564
1.429215
1.478273
1.438252
1.476982
1.444707
1.495055
1.457617
1.492473
1.434379
1.471818
1.447289
1.479564
1.442125
1.501510
1.442125
1.482146
1.442125
1.487309
1.442125
1.498928
1.471818
1.524748
1.471818
1.471818
1.402105
1.453744
1.439543
1.497637
1.455035
1.496346
1.458908
1.504092
1.464072
1.500219
1.443416
1.506674
1.449871
1.480855
1.452453
1.515711
1.461490
1.492473
1.435670
1.486018
1.451162
1.518293
1.480855
1.537658
1.475691
1.498928
1.436961
1.471818
1.442125
1.497637
1.462781
1.487309
1.417596
1.439543
1.389195
1.433088
1.389195
1.461490
1.421469
1.473109
1.451162
1.482146
1.433088
1.488600
1.443416
1.500219
1.447289
1.500219
1.474400
1.520875
1.473109
1.513129
1.464072
1.491182
1.440834
1.489891
1.440834
1.489891
1.439543
1.474400
1.426633
1.449871
1.425342
1.471818
1.425342
1.476982
1.445998
1.496346
1.458908
1.502801
1.465363
1.493764
1.445998
1.491182
1.438252
1.498928
1.453744
1.498928
1.464072
1.519584
1.478273
1.538949
1.487309
1.515711
1.447289
1.467945
1.415014
1.430506
1.394359
1.452453
1.426633
1.445998
1.436961
1.471818
1.413723
1.449871
1.408560
1.447289
1.411141
1.488600
1.483437
1.533785
1.482146
1.520875
1.448580
1.486018
1.456326
1.487309
1.457617
0.752740
1.469236
0.976080
1.434379
1.023847
1.408560
1.142617
1.427924
1.134871
1.448580
1.415014
1.445998
1.235568
1.422760
1.257515
1.376285
1.102597
1.376285
1.236859
1.389195
0.735958
1.411141
1.212330
1.439543
1.347883
1.452453
1.466654
1.430506
1.254933
1.411141
1.316900
1.438252
1.344010
1.430506
1.346592
1.453744
1.127125
1.487309
1.269133
1.506674
1.270424
1.458908
1.280752
1.412432
1.267842
1.396941
1.211039
1.378867
1.195547
1.415014
1.199420
1.458908
1.473109
1.456326
1.247187
1.445998
1.310445
1.452453
1.155527
1.431797
1.265260
1.471818
1.177474
1.440834
1.285916
1.427924
1.440834
1.445998
1.171019
1.466654
1.311736
1.501510
1.337555
1.478273
1.244605
1.400814
1.207166
1.404687
1.211039
1.409851
1.377576
1.448580
1.363375
1.488600
1.318191
1.517002
1.374994
1.522166
1.435670
1.495055
1.267842
1.430506
1.261388
1.426633
1.249769
1.403396
1.400814
1.398232
1.217494
1.413723
1.285916
1.400814
1.172310
1.434379
1.293662
1.467945
1.311736
1.466654
1.235568
1.421469
1.243314
1.385322
1.344010
1.396941
1.273006
1.430506
1.314318
1.439543
1.452453
1.467945
1.368539
1.456326
1.297535
1.420178
1.307863
1.425342
1.282043
1.426633
1.279461
1.457617
1.059994
1.434379
1.298826
1.442125
1.430506
1.430506
1.302699
1.427924
1.306572
1.400814
1.342719
1.434379
1.292371
1.456326
1.138744
1.476982
1.303990
1.476982
1.360793
1.475691
1.359502
1.429215
1.319482
1.426633
1.212330
1.396941
1.265260
1.389195
1.279461
1.413723
1.292371
1.447289
1.322064
1.447289
1.386613
1.429215
1.385322
1.435670
1.368539
1.427924
1.426633
1.453744
1.291080
1.475691
1.386613
1.480855
1.293662
1.449871
1.279461
1.393068
1.223949
1.430506
1.318191
1.409851
1.254933
1.369830
1.223949
1.387904
1.243314
1.390486
1.315609
1.416305
1.353047
1.421469
1.288498
1.445998
1.323355
1.456326
1.435670
1.480855
1.502801
1.511838
1.364666
1.464072
1.346592
1.434379
1.137453
1.415014
1.314318
1.425342
1.279461
1.476982
1.211039
1.504092
1.396941
1.505383
1.324646
1.500219
1.363375
1.486018
1.291080
1.411141
1.285916
1.400814
1.152945
1.417596
1.347883
1.416305
1.302699
1.440834
1.367248
1.427924
1.416305
1.445998
1.298826
1.431797
1.363375
1.433088
1.180056
1.427924
1.394359
1.280752
1.111634
1.123252
1.325937
1.231695
1.322064
1.257515
1.327228
1.186511
1.322064
1.052248
1.325937
1.115506
1.408560
1.129707
1.177474
1.218785
1.322064
1.177474
1.288498
1.149072
1.238150
1.165855
1.156818
1.223949
1.288498
1.045793
0.896039
1.116797
1.310445
1.356920
1.263969
1.199420
1.244605
1.194256
1.283334
1.329810
1.328519
1.213621
1.309154
1.216203
1.329810
1.221367
1.349174
1.145199
1.404687
1.254933
1.355629
1.198129
1.243314
1.134871
1.285916
1.156818
1.306572
1.094851
1.324646
1.248478
1.374994
1.177474
1.407269
1.350465
1.341428
1.130998
1.328519
0.826326
1.345301
1.134871
1.402105
1.132289
1.396941
1.105179
1.438252
1.212330
1.456326
1.198129
1.466654
1.129707
1.447289
0.810835
1.443416
1.160691
1.440834
1.160691
1.462781
1.200711
1.483437
1.211039
1.465363
0.655917
1.455035
1.167146
1.444707
0.917986
1.478273
1.298826
1.502801
1.447289
1.476982
1.448580
1.438252
1.161982
1.407269
1.203293
1.334974
1.265260
1.465363
1.313027
1.517002
0.983826
1.518293
1.424051
1.496346
1.256224
1.505383
1.329810
1.536367
0.881839
1.447289
1.262678
1.434379
1.128416
1.403396
1.155527
1.404687
1.191674
1.418887
1.356920
1.427924
1.119379
1.405978
1.190383
1.473109
1.092269
1.476982
1.300117
1.484728
1.294953
1.466654
1.196838
1.445998
1.434379
1.475691
1.214912
1.491182
1.107761
1.483437
1.271715
1.426633
1.187801
1.417596
1.239441
1.434379
1.292371
1.466654
1.456326
1.445998
1.158109
1.438252
1.121961
1.405978
1.119379
1.400814
1.389195
1.393068
1.425342
1.440834
1.402105
1.496346
1.469236
1.507965
1.347883
1.493764
1.044502
1.451162
1.300117
1.420178
1.209748
1.426633
1.265260
1.436961
1.442125
1.442125
1.145199
1.436961
1.154236
1.430506
1.442125
1.443416
1.444707
1.464072
1.111634
1.484728
1.049666
1.492473
1.493764
1.506674
1.532494
1.514420
1.282043
1.502801
1.439543
1.511838
1.431797
1.486018
1.119379
1.426633
1.276879
1.439543
1.325937
1.425342
1.394359
1.470527
1.265260
1.411141
1.253642
1.374994
1.319482
1.408560
1.403396
1.449871
1.021265
1.362084
1.429215
1.452453
1.455035
1.435670
1.287207
1.439543
1.270424
1.456326
1.226531
1.474400
1.486018
1.479564
1.489891
1.506674
1.465363
1.487309
1.359502
1.467945
1.438252
1.455035
1.408560
1.435670
1.251060
1.426633
1.449871
1.445998
1.332392
1.447289
1.315609
1.421469
1.160691
1.427924
1.271715
1.417596
1.359502
1.395650
1.282043
1.427924
1.257515
1.412432
1.256224
1.435670
1.403396
1.457617
1.475691
1.471818
1.368539
1.467945
1.435670
1.482146
1.354338
1.487309
1.429215
1.469236
1.372412
1.489891
1.311736
1.467945
1.363375
1.456326
1.057412
1.456326
1.473109
1.471818
1.316900
1.456326
1.396941
1.462781
1.323355
1.464072
1.173601
1.433088
1.360793
1.424051
1.309154
1.411141
0.744994
1.453744
1.456326
1.435670
1.442125
1.440834
1.482146
1.466654
1.363375
1.517002
1.476982
1.496346
1.495055
1.487309
1.416305
1.458908
1.363375
1.453744
1.360793
1.436961
1.229113
1.405978
1.349174
1.436961
1.364666
1.449871
1.337555
1.396941
1.324646
1.380158
1.260097
1.415014
1.294953
1.427924
1.422760
1.416305
1.440834
1.395650
1.424051
1.416305
1.461490
1.457617
1.500219
1.488600
1.527330
1.501510
1.524748
1.479564
1.496346
1.457617
1.466654
1.412432
1.429215
1.400814
1.443416
1.416305
1.469236
1.465363
1.506674
1.475691
1.507965
1.475691
1.509256
1.476982
1.484728
1.471818
1.476982
1.443416
1.464072
1.433088
1.471818
1.445998
1.384031
1.478273
1.510547
1.489891
1.518293
1.479564
1.497637
1.448580
1.471818
1.447289
1.461490
1.420178
1.465363
1.438252
1.488600
1.455035
1.482146
1.449871
1.471818
1.462781
1.504092
1.479564
1.479564
1.449871
1.464072
1.442125
1.483437
1.457617
1.484728
1.487309
1.497637
1.461490
1.465363
1.421469
1.457617
1.421469
1.443416
1.434379
1.484728
1.455035
1.487309
1.426633
1.434379
1.403396
1.442125
1.400814
1.443416
1.405978
1.458908
1.434379
1.479564
1.448580
1.510547
1.482146
1.362084
1.491182
1.515711
1.471818
1.491182
1.417596
1.443416
1.389195
1.376285
1.396941
1.418887
1.364666
1.407269
1.372412
1.433088
1.411141
1.471818
1.452453
1.524748
1.493764
1.522166
1.473109
1.495055
1.456326
1.482146
1.438252
1.500219
1.480855
1.531203
1.501510
1.544113
1.515711
1.563477
1.501510
1.536367
1.492473
1.495055
1.447289
1.488600
1.438252
1.476982
1.426633
1.482146
1.444707
1.497637
1.455035
1.466654
1.449871
1.493764
1.453744
1.492473
1.457617
1.513129
1.480855
1.520875
1.484728
1.504092
1.447289
1.497637
1.452453
1.501510
1.440834
1.474400
1.436961
1.489891
1.456326
1.498928
1.433088
1.444707
1.372412
1.426633
1.395650
1.447289
1.409851
1.458908
1.445998
1.523457
1.529912
1.533785
1.442125
1.482146
1.413723
1.445998
1.396941
1.440834
1.407269
1.452453
1.418887
1.471818
1.435670
1.471818
1.427924
1.475691
1.430506
1.483437
1.460199
1.522166
1.493764
1.524748
1.476982
1.509256
1.464072
1.498928
1.451162
1.497637
1.420178
1.464072
1.430506
1.460199
1.420178
1.476982
1.440834
1.488600
1.451162
1.514420
1.502801
1.540240
1.493764
1.526039
1.471818
1.511838
1.473109
1.505383
1.436961
1.435670
1.390486
1.420178
1.380158
1.425342
1.417596
1.457617
1.424051
1.460199
1.430506
1.479564
1.433088
1.474400
1.434379
1.476982
1.443416
1.473109
1.426633
1.460199
1.403396
1.436961
1.393068
1.436961
1.426633
1.474400
1.424051
1.479564
1.442125
1.484728
1.491182
1.542822
1.513129
1.555732
1.513129
1.550568
1.495055
1.547986
1.501510
1.528621
1.471818
1.487309
1.421469
1.475691
1.442125
1.479564
1.430506
1.455035
1.409851
1.451162
1.422760
0.970916
1.412432
0.788888
1.409851
0.999318
1.403396
0.943806
1.415014
1.059994
1.430506
1.165855
1.476982
1.470527
1.480855
1.451162
1.457617
1.121961
1.448580
1.347883
1.430506
1.202002
1.418887
1.371121
1.421469
1.309154
1.431797
1.198129
1.426633
1.200711
1.391777
1.221367
1.373703
1.280752
1.408560
1.007064
1.421469
1.412432
1.412432
1.191674
1.438252
1.318191
1.492473
1.266551
1.493764
1.322064
1.507965
1.260097
1.482146
1.484728
1.460199
1.269133
1.443416
1.173601
1.424051
1.161982
1.422760
1.182638
1.435670
1.247187
1.431797
1.192965
1.434379
1.226531
1.429215
1.207166
1.407269
1.199420
1.411141
1.209748
1.425342
1.168437
1.403396
1.150363
1.378867
1.338846
1.405978
1.252351
1.449871
1.318191
1.495055
1.491182
1.493764
1.296244
1.509256
1.318191
1.476982
1.249769
1.449871
1.294953
1.422760
1.198129
1.412432
1.298826
1.448580
1.283334
1.449871
1.310445
1.445998
1.254933
1.415014
1.252351
1.386613
1.220076
1.424051
1.114215
1.412432
1.187801
1.425342
1.422760
1.424051
1.271715
1.430506
1.329810
1.447289
1.265260
1.442125
1.417596
1.445998
1.302699
1.482146
1.364666
1.469236
1.261388
1.445998
1.267842
1.384031
1.220076
1.346592
1.165855
1.395650
1.266551
1.434379
1.305281
1.458908
1.163273
1.482146
1.360793
1.487309
1.252351
1.476982
1.354338
1.474400
1.453744
1.467945
1.306572
1.456326
1.400814
1.455035
1.399523
1.458908
1.310445
1.422760
1.285916
1.444707
1.327228
1.445998
1.346592
1.470527
1.331101
1.445998
1.282043
1.434379
1.274297
1.431797
1.311736
1.449871
1.301408
1.404687
1.332392
1.391777
1.409851
1.368539
1.412432
1.412432
1.394359
1.430506
1.306572
1.431797
1.177474
1.426633
1.287207
1.440834
1.337555
1.442125
1.465363
1.455035
1.305281
1.436961
1.225240
1.405978
1.265260
1.427924
1.280752
1.421469
1.280752
1.420178
1.252351
1.407269
1.296244
1.434379
1.355629
1.456326
1.333683
1.486018
1.362084
1.538949
1.316900
1.475691
0.849564
1.434379
1.368539
1.430506
1.254933
1.407269
1.291080
1.433088
1.244605
1.411141
1.276879
1.445998
1.338846
1.488600
1.336264
1.488600
1.340137
1.455035
1.314318
1.448580
1.431797
1.445998
1.314318
1.457617
1.378867
1.475691
1.324646
1.491182
1.448580
1.480855
1.279461
1.476982
1.127125
1.464072
1.346592
1.145199
1.307863
1.373703
1.374994
1.217494
1.270424
1.251060
1.285916
1.110343
1.316900
1.172310
1.244605
1.080650
1.263969
1.279461
1.273006
1.186511
1.334974
1.227822
1.336264
1.154236
1.276879
1.127125
1.245896
1.405978
1.329810
1.137453
1.328519
1.147781
1.373703
0.699810
1.260097
1.256224
1.040629
1.284625
1.445998
1.190383
1.342719
1.336264
1.371121
1.190383
1.265260
1.096142
1.289789
1.092269
1.270424
1.071613
1.208457
1.063867
1.262678
1.083232
1.391777
1.172310
1.469236
1.263969
1.519584
1.249769
1.493764
1.402105
1.513129
1.248478
1.461490
1.368539
1.438252
1.078068
1.413723
0.850855
1.444707
1.283334
1.462781
1.214912
1.448580
1.146490
1.451162
1.167146
1.447289
1.164564
1.447289
1.173601
1.445998
1.458908
1.473109
1.200711
1.439543
1.213621
1.443416
1.212330
1.480855
1.155527
1.492473
1.288498
1.519584
1.245896
1.517002
1.230404
1.495055
1.393068
1.502801
1.467945
1.480855
1.134871
1.484728
1.258806
1.451162
1.145199
1.440834
1.196838
1.394359
1.174892
1.430506
1.234277
1.460199
1.284625
1.469236
1.216203
1.438252
1.279461
1.075486
1.318191
1.420178
1.248478
1.420178
1.217494
1.424051
1.271715
1.435670
1.265260
1.443416
1.234277
1.476982
1.467945
1.495055
1.493764
1.480855
1.257515
1.464072
1.411141
1.464072
1.356920
1.445998
1.351756
1.429215
1.332392
1.425342
1.199420
1.440834
1.218785
1.409851
1.213621
1.363375
1.254933
1.420178
1.385322
1.440834
0.917986
1.469236
1.502801
1.517002
1.453744
1.524748
1.440834
1.496346
1.333683
1.469236
1.380158
1.483437
1.462781
1.464072
1.443416
1.464072
1.354338
1.474400
1.202002
1.476982
1.334974
1.491182
1.384031
1.470527
1.218785
1.458908
1.445998
1.418887
1.294953
1.408560
1.314318
1.455035
1.205875
1.429215
1.438252
1.442125
1.334974
1.418887
1.320773
1.390486
1.287207
1.418887
1.284625
1.438252
1.271715
1.425342
0.879257
1.453744
1.371121
1.442125
1.436961
1.442125
1.448580
1.443416
1.382740
1.464072
1.309154
1.440834
1.248478
1.439543
1.163273
1.444707
1.478273
1.443416
1.273006
1.458908
1.257515
1.448580
1.243314
1.412432
1.365957
1.418887
1.442125
1.489891
1.427924
1.507965
1.408560
1.478273
0.810835
1.488600
1.451162
1.461490
1.458908
1.480855
1.456326
1.502801
1.448580
1.500219
1.087105
1.473109
1.465363
1.467945
1.476982
1.438252
1.214912
1.425342
1.402105
1.438252
1.429215
1.436961
1.413723
1.456326
1.415014
1.456326
1.380158
1.424051
1.382740
1.429215
1.462781
1.438252
1.457617
1.444707
1.473109
1.445998
1.470527
1.442125
1.301408
1.438252
1.476982
1.456326
1.482146
1.475691
1.504092
1.466654
1.497637
1.464072
1.483437
1.440834
1.449871
1.405978
1.460199
1.443416
1.473109
1.438252
1.474400
1.436961
1.469236
1.417596
1.448580
1.413723
1.443416
1.403396
1.429215
1.411141
1.319482
1.447289
1.492473
1.466654
1.487309
1.436961
1.478273
1.412432
1.442125
1.420178
1.470527
1.433088
1.439543
1.433088
1.482146
1.455035
1.496346
1.479564
1.520875
1.479564
1.513129
1.482146
1.524748
1.486018
1.515711
1.464072
1.471818
1.438252
1.465363
1.400814
1.421469
1.396941
1.460199
1.442125
1.476982
1.455035
1.493764
1.371121
1.456326
1.435670
1.475691
1.465363
1.545404
1.529912
1.555732
1.493764
1.517002
1.478273
1.515711
1.473109
1.340137
1.444707
1.473109
1.426633
1.449871
1.389195
1.399523
1.355629
1.402105
1.385322
1.393068
1.434379
1.497637
1.469236
1.498928
1.440834
1.493764
1.460199
1.500219
1.456326
1.504092
1.438252
1.488600
1.443416
1.473109
1.447289
1.474400
1.443416
1.495055
1.452453
1.497637
1.462781
1.497637
1.457617
1.497637
1.460199
1.501510
1.479564
1.529912
1.480855
1.507965
1.443416
1.475691
1.422760
1.436961
1.367248
1.408560
1.374994
1.430506
1.380158
1.438252
1.407269
1.483437
1.469236
1.531203
1.497637
1.558314
1.520875
1.558314
1.457617
1.487309
1.436961
1.458908
1.404687
1.439543
1.403396
1.470527
1.440834
1.496346
1.452453
1.509256
1.449871
1.486018
1.445998
1.492473
1.449871
1.489891
1.449871
1.483437
1.444707
1.495055
1.467945
1.527330
1.486018
1.529912
1.487309
1.524748
1.489891
1.507965
1.482146
1.518293
1.483437
1.527330
1.449871
1.470527
1.415014
1.453744
1.405978
1.439543
1.405978
1.466654
1.440834
1.482146
1.431797
1.460199
1.412432
1.465363
1.443416
1.501510
1.475691
1.506674
1.433088
1.448580
1.385322
1.420178
1.387904
1.436961
1.418887
1.488600
1.464072
1.488600
1.453744
1.484728
1.448580
1.509256
1.471818
1.489891
1.438252
1.476982
1.447289
1.474400
1.438252
1.462781
1.467945
1.517002
1.473109
1.493764
1.434379
1.448580
1.415014
1.442125
1.403396
1.435670
1.400814
1.458908
1.449871
1.497637
1.492473
1.547986
1.509256
1.529912
1.461490
1.479564
1.453744
1.251060
1.473109
1.506674
1.434379
1.462781
1.412432
1.349174
1.395650
1.017392
1.386613
1.080650
1.421469
1.124543
1.473109
1.200711
1.452453
1.346592
1.469236
1.093560
1.479564
1.194256
1.456326
1.242023
1.451162
1.279461
1.449871
1.266551
1.418887
1.231695
1.405978
0.923150
1.418887
1.192965
1.445998
1.362084
1.436961
1.284625
1.424051
1.358211
1.415014
1.187801
1.417596
1.130998
1.429215
1.266551
1.433088
1.202002
1.453744
1.262678
1.452453
1.322064
1.447289
1.284625
1.457617
1.245896
1.458908
1.242023
1.470527
1.297535
1.473109
1.316900
1.474400
1.282043
1.445998
1.112924
1.439543
1.204584
1.415014
1.198129
1.415014
1.373703
1.376285
1.257515
1.347883
1.320773
1.334974
1.089687
1.385322
1.240732
1.443416
1.265260
1.466654
1.270424
1.483437
1.363375
1.507965
1.341428
1.504092
1.403396
1.526039
1.395650
1.524748
1.248478
1.506674
1.285916
1.444707
1.265260
1.425342
1.258806
1.399523
1.220076
1.389195
1.262678
1.393068
1.223949
1.399523
1.208457
1.411141
1.052248
1.402105
1.216203
1.400814
1.258806
1.471818
1.316900
1.475691
1.293662
1.487309
1.328519
1.469236
1.313027
1.442125
1.386613
1.466654
1.418887
1.464072
1.181347
1.439543
1.278170
1.415014
1.263969
1.415014
1.282043
1.425342
1.285916
1.443416
1.309154
1.460199
1.400814
1.474400
1.384031
1.467945
1.303990
1.421469
1.244605
1.417596
1.187801
1.394359
1.251060
1.390486
1.266551
1.399523
1.400814
1.415014
1.242023
1.367248
1.346592
1.389195
1.214912
1.407269
1.331101
1.425342
1.293662
1.456326
1.337555
1.480855
1.342719
1.449871
1.300117
1.418887
1.276879
1.439543
1.433088
1.455035
1.271715
1.501510
1.471818
1.476982
1.418887
1.486018
1.402105
1.455035
1.327228
1.433088
1.276879
1.427924
1.145199
1.418887
1.310445
1.448580
1.260097
1.416305
1.320773
1.424051
1.305281
1.467945
1.324646
1.465363
1.328519
1.430506
1.270424
1.396941
1.263969
1.407269
1.300117
1.411141
1.369830
1.427924
1.440834
1.484728
1.482146
1.480855
1.324646
1.453744
1.294953
1.447289
1.303990
1.478273
1.360793
1.502801
1.298826
1.451162
1.204584
1.453744
1.298826
1.412432
1.147781
1.399523
1.261388
1.420178
1.294953
1.443416
1.322064
1.482146
1.337555
1.489891
1.324646
1.455035
1.301408
1.460199
1.462781
1.465363
1.399523
1.448580
1.374994
1.407269
1.214912
1.404687
1.230404
1.434379
1.403396
1.465363
1.275588
1.458908
1.293662
1.438252
1.275588
1.452453
1.309154
1.457617
1.310445
1.413723
1.276879
0.650753
1.283334
1.319482
1.324646
0.648171
1.385322
1.187801
1.320773
1.223949
1.242023
0.703683
1.451162
1.083232
1.351756
1.282043
1.374994
1.121961
1.315609
1.314318
1.417596
1.065158
0.868929
1.150363
1.327228
1.232986
1.311736
1.174892
1.292371
0.967043
1.300117
1.159400
1.282043
1.429215
1.267842
1.155527
1.302699
1.155527
1.334974
1.289789
1.353047
1.438252
1.400814
1.220076
1.110343
1.199420
1.266551
1.116797
1.254933
1.291080
1.270424
1.222658
1.457617
1.407269
1.345301
1.236859
1.333683
1.156818
1.336264
1.061285
1.293662
1.056121
1.258806
1.063867
1.231695
1.010937
1.231695
1.048375
1.396941
1.121961
1.405978
1.110343
1.425342
1.149072
1.455035
1.163273
1.445998
1.208457
1.471818
0.707556
1.381449
1.143908
1.495055
1.076777
1.492473
1.185220
1.478273
1.203293
1.469236
1.145199
1.471818
1.232986
1.473109
1.260097
1.519584
1.502801
1.537658
1.226531
1.510547
1.227822
1.469236
1.209748
1.452453
1.189092
1.464072
1.112924
1.486018
1.227822
1.471818
1.191674
1.427924
1.074195
1.359502
1.154236
1.420178
1.402105
1.491182
1.212330
1.495055
1.405978
1.492473
1.331101
1.482146
1.235568
1.456326
0.832781
1.430506
1.199420
1.387904
1.377576
1.422760
1.222658
1.434379
1.204584
1.415014
1.171019
1.443416
1.271715
1.287207
1.253642
1.455035
1.266551
1.474400
1.351756
1.478273
1.076777
1.484728
1.491182
1.491182
1.267842
1.458908
1.448580
1.461490
1.231695
1.431797
1.236859
1.420178
1.258806
1.433088
1.226531
1.440834
1.209748
1.416305
1.216203
1.426633
1.303990
1.431797
1.176183
1.427924
1.234277
1.458908
1.355629
1.479564
1.275588
1.471818
1.287207
1.440834
1.324646
1.449871
1.249769
1.453744
1.444707
1.466654
1.261388
1.488600
1.440834
1.471818
1.509256
1.505383
1.449871
1.510547
1.501510
1.484728
1.456326
1.500219
1.433088
1.453744
1.421469
1.445998
1.235568
1.461490
1.480855
1.480855
1.403396
1.476982
1.473109
1.482146
1.320773
1.453744
1.435670
1.396941
1.195547
1.408560
1.239441
1.413723
0.671408
1.409851
1.417596
1.266551
1.409851
1.417596
1.385322
1.455035
1.411141
1.467945
1.389195
1.462781
1.347883
1.469236
1.413723
1.337555
1.408560
1.451162
1.367248
1.462781
1.376285
1.473109
1.389195
1.496346
1.442125
1.489891
1.413723
1.506674
1.378867
1.457617
1.319482
1.444707
1.305281
1.402105
1.394359
1.411141
1.274297
1.400814
1.408560
1.436961
1.332392
1.466654
1.359502
1.447289
1.466654
1.452453
1.234277
1.390486
1.381449
1.400814
1.305281
1.400814
1.273006
1.415014
1.238150
1.412432
1.285916
1.447289
0.899912
1.471818
1.362084
1.498928
1.403396
1.491182
1.306572
1.471818
1.323355
1.364666
0.437741
1.483437
1.376285
1.374994
1.066449
1.431797
1.435670
1.469236
1.274297
1.531203
1.482146
1.483437
1.378867
1.409851
1.372412
1.359502
1.280752
1.389195
1.398232
1.424051
1.223949
1.464072
1.387904
1.489891
1.424051
1.478273
1.212330
1.474400
1.407269
1.462781
1.369830
1.466654
1.248478
1.464072
1.394359
1.436961
1.195547
1.464072
1.466654
1.500219
1.427924
1.465363
1.436961
1.439543
1.398232
1.412432
1.385322
1.398232
1.434379
1.413723
1.426633
1.409851
1.424051
1.395650
1.444707
1.442125
1.448580
1.475691
1.493764
1.435670
1.442125
1.404687
1.462781
1.449871
1.493764
1.483437
1.519584
1.500219
1.522166
1.493764
1.514420
1.466654
1.488600
1.431797
1.455035
1.427924
1.442125
1.407269
1.358211
1.452453
1.496346
1.483437
1.511838
1.452453
1.462781
1.436961
1.484728
1.467945
1.523457
1.483437
1.527330
1.476982
1.488600
1.425342
1.452453
1.426633
1.457617
1.409851
1.449871
1.408560
1.422760
1.405978
1.439543
1.416305
1.447289
1.442125
1.456326
1.430506
1.482146
1.471818
1.529912
1.510547
1.557023
1.496346
1.501510
1.440834
1.452453
1.436961
1.456326
1.435670
1.464072
1.434379
1.493764
1.461490
1.483437
1.471818
1.518293
1.469236
1.469236
1.430506
1.455035
1.443416
1.489891
1.457617
1.467945
1.415014
1.235568
1.390486
1.422760
1.403396
1.405978
1.390486
1.457617
1.429215
1.497637
1.476982
1.498928
1.452453
1.496346
1.464072
1.517002
1.466654
1.506674
1.465363
1.496346
1.436961
1.458908
1.422760
1.478273
1.448580
1.497637
1.471818
1.515711
1.467945
1.507965
1.475691
1.535076
1.493764
1.522166
1.480855
1.506674
1.466654
1.487309
1.442125
1.475691
1.444707
1.500219
1.489891
1.492473
1.476982
1.513129
1.457617
1.492473
1.443416
1.486018
1.426633
1.461490
1.418887
1.469236
1.447289
1.495055
1.464072
1.502801
1.448580
1.486018
1.436961
1.474400
1.425342
1.473109
1.436961
1.492473
1.455035
1.509256
1.462781
1.519584
1.467945
1.518293
1.465363
1.146490
1.380158
1.473109
1.424051
1.448580
1.411141
1.431797
1.390486
1.444707
1.417596
1.474400
1.429215
1.492473
1.444707
1.486018
1.445998
1.479564
1.439543
1.479564
1.438252
1.496346
1.467945
1.532494
1.482146
1.500219
1.456326
1.476982
1.435670
1.462781
1.400814
1.451162
1.424051
1.484728
1.448580
1.511838
1.479564
1.541531
1.464072
1.479564
1.399523
1.426633
1.374994
1.438252
1.408560
1.453744
1.425342
1.462781
1.424051
1.493764
1.466654
1.489891
1.424051
1.467945
1.438252
1.488600
1.466654
1.528621
1.506674
1.553150
1.532494
1.568641
1.522166
1.557023
1.469236
1.484728
1.429215
1.451162
1.402105
1.453744
1.402105
1.445998
1.403396
1.436961
1.412432
1.461490
1.429215
1.479564
1.444707
1.493764
1.444707
1.502801
1.466654
1.514420
1.470527
1.524748
1.480855
1.510547
1.465363
1.504092
1.461490
1.506674
1.456326
1.483437
1.442125
1.491182
1.465363
1.492473
1.438252
1.497637
1.444707
1.475691
1.404687
1.440834
1.380158
1.425342
1.390486
1.444707
1.422760
1.471818
1.440834
1.489891
1.453744
1.470527
1.412432
1.424051
1.374994
1.413723
1.385322
1.431797
1.430506
1.496346
1.469236
1.505383
1.478273
1.514420
1.448580
1.469236
1.433088
1.457617
1.444707
1.495055
1.429215
1.466654
1.431797
1.462781
1.438252
1.465363
1.424051
1.102597
1.440834
1.351756
1.413723
1.012228
1.424051
1.132289
1.436961
1.164564
1.473109
1.393068
1.496346
0.801798
1.469236
1.124543
1.448580
1.263969
1.439543
0.552638
1.400814
1.292371
1.440834
0.937351
1.444707
1.336264
1.458908
0.973498
1.465363
1.276879
1.479564
1.506674
1.469236
1.443416
1.466654
1.359502
1.470527
1.363375
1.461490
1.346592
1.455035
1.240732
1.447289
1.245896
1.447289
1.327228
1.411141
1.327228
1.353047
1.069031
1.433088
1.278170
1.431797
1.209748
1.452453
1.305281
1.421469
1.234277
1.413723
1.223949
1.430506
1.238150
1.439543
1.306572
1.469236
1.300117
1.466654
1.185220
1.452453
1.244605
1.464072
1.267842
1.501510
1.273006
1.492473
1.270424
1.438252
1.240732
1.435670
1.171019
1.420178
1.207166
1.390486
1.229113
1.409851
1.249769
1.408560
1.207166
1.421469
1.279461
1.449871
1.305281
1.464072
1.270424
1.439543
1.198129
1.448580
1.121961
1.448580
1.305281
1.431797
1.192965
1.404687
1.242023
1.418887
1.275588
1.411141
1.235568
1.377576
1.238150
1.394359
1.438252
1.451162
1.293662
1.453744
1.311736
1.464072
1.338846
1.464072
1.342719
1.442125
1.309154
1.411141
0.968334
1.386613
1.238150
1.384031
1.239441
1.427924
1.212330
1.449871
1.456326
1.461490
1.303990
1.426633
1.405978
1.430506
1.253642
1.408560
1.252351
1.430506
1.424051
1.484728
1.365957
1.501510
1.387904
1.509256
1.483437
1.510547
1.433088
1.486018
1.395650
1.461490
1.294953
1.433088
1.265260
1.416305
1.297535
1.462781
1.344010
1.469236
1.368539
1.448580
1.458908
1.429215
1.369830
1.440834
1.266551
1.429215
1.384031
1.400814
1.227822
1.358211
1.310445
1.382740
1.283334
1.422760
1.302699
1.412432
1.420178
1.412432
1.332392
1.411141
1.297535
1.405978
1.329810
1.415014
1.260097
1.424051
1.334974
1.434379
1.294953
1.444707
1.420178
1.445998
1.291080
1.460199
1.214912
1.500219
1.416305
1.511838
1.520875
1.496346
1.372412
1.488600
