1.435973
1.439838
1.442415
1.448856
1.442415
1.433396
1.441126
1.439838
1.438550
1.429531
1.439838
1.435973
1.442415
1.447568
1.439838
1.433396
1.441126
1.438550
1.439838
1.437261
1.438550
1.416648
1.434685
1.434685
1.438550
1.437261
1.438550
1.426955
1.439838
1.451433
1.439838
1.432108
1.437261
1.443703
1.438550
1.408918
1.438550
1.437261
1.443703
1.437261
1.443703
1.454010
1.442415
1.446280
1.437261
1.438550
1.439838
1.424378
1.435973
1.437261
1.434685
1.425666
1.433396
1.423089
1.433396
1.429531
1.430820
1.435973
1.442415
1.434685
1.442415
1.443703
1.438550
1.441126
1.441126
1.432108
1.441126
1.433396
1.437261
1.416648
1.437261
1.428243
1.437261
1.433396
1.439838
1.433396
1.443703
1.451433
1.444991
1.437261
1.438550
1.446280
1.439838
1.446280
1.446280
1.438550
1.442415
1.430820
1.438550
1.371556
1.443703
1.435973
1.443703
1.443703
1.437261
1.438550
1.439838
1.437261
1.438550
1.450145
1.439838
1.429531
1.442415
1.432108
1.437261
1.437261
1.441126
1.447568
1.448856
1.417936
1.447568
1.454010
1.443703
1.438550
1.443703
1.448856
1.443703
1.444991
1.439838
1.420513
1.438550
1.424378
1.435973
1.434685
1.434685
1.421801
1.435973
1.420513
1.434685
1.433396
1.443703
1.443703
1.442415
1.446280
1.442415
1.438550
1.442415
1.454010
1.442415
1.451433
1.444991
1.444991
1.447568
1.454010
1.447568
1.460452
1.443703
1.455298
1.446280
1.454010
1.442415
1.454010
1.443703
1.454010
1.443703
1.456587
1.441126
1.452721
1.441126
1.450145
1.438550
1.448856
1.437261
1.451433
1.442415
1.448856
1.438550
1.454010
1.444991
1.454010
1.442415
1.459163
1.446280
1.455298
1.442415
1.454010
1.443703
1.452721
1.442415
1.452721
1.442415
1.455298
1.443703
1.454010
1.442415
1.452721
1.442415
1.452721
1.441126
1.452721
1.442415
1.455298
1.441126
1.454010
1.438550
1.452721
1.439838
1.451433
1.441126
1.455298
1.443703
1.456587
1.451433
1.460452
1.454010
1.465605
1.452721
1.461740
1.447568
1.456587
1.442415
1.455298
1.447568
1.455298
1.442415
1.452721
1.443703
1.448856
1.438550
1.444991
1.437261
1.450145
1.441126
1.454010
1.443703
1.455298
1.446280
1.455298
1.444991
1.452721
1.442415
1.448856
1.446280
1.451433
1.441126
1.450145
1.446280
1.451433
1.444991
1.452721
1.443703
1.455298
1.447568
1.454010
1.442415
1.450145
1.438550
1.448856
1.441126
1.456587
1.442415
1.454010
1.442415
1.450145
1.439838
1.451433
1.444991
1.455298
1.446280
1.457875
1.454010
1.457875
1.446280
1.459163
1.446280
1.455298
1.442415
1.455298
1.450145
1.461740
1.447568
1.456587
1.446280
1.452721
1.441126
1.450145
1.441126
1.450145
1.442415
1.454010
1.447568
1.456587
1.451433
1.463028
1.452721
1.460452
1.452721
1.459163
1.446280
1.454010
1.443703
1.448856
1.439838
1.450145
1.396034
1.447568
1.442415
1.428243
1.444991
1.454010
1.442415
1.443703
1.442415
1.444991
1.434685
1.452721
1.441126
1.399899
1.430820
1.447568
1.430820
1.452721
1.417936
1.452721
1.393457
1.442415
1.371556
1.444991
1.429531
1.446280
1.381862
1.450145
1.443703
1.448856
1.428243
1.447568
1.434685
1.428243
1.385727
1.457875
1.455298
1.452721
1.361249
1.448856
1.442415
1.441126
1.398611
1.441126
1.370267
1.446280
1.437261
1.452721
1.387016
1.450145
1.435973
1.450145
1.414071
1.456587
1.428243
1.442415
1.405053
1.456587
1.399899
1.448856
1.405053
1.430820
1.434685
1.448856
1.443703
1.454010
1.433396
1.448856
1.451433
1.451433
1.361249
1.450145
1.241432
1.451433
1.402476
1.452721
1.376709
1.443703
1.385727
1.446280
1.407629
1.446280
1.390881
1.442415
1.416648
1.451433
1.439838
1.444991
1.372844
1.450145
1.408918
1.398611
1.417936
1.432108
1.408918
1.433396
1.410206
1.446280
1.410206
1.452721
1.371556
1.450145
1.390881
1.452721
1.393457
1.429531
1.384439
1.442415
1.450145
1.456587
1.393457
1.457875
1.425666
1.457875
1.377997
1.452721
1.384439
1.447568
1.384439
1.455298
1.381862
1.450145
1.389592
1.387016
1.383151
1.447568
1.430820
1.448856
1.438550
1.442415
1.388304
1.446280
1.389592
1.450145
1.408918
1.454010
1.442415
1.457875
1.444991
1.451433
1.384439
1.441126
1.387016
1.442415
1.353519
1.443703
1.424378
1.443703
1.366402
1.385727
1.370267
1.448856
1.428243
1.368979
1.398611
1.451433
1.393457
1.447568
1.381862
1.451433
1.407629
1.452721
1.437261
1.448856
1.397323
1.451433
1.448856
1.448856
1.377997
1.452721
1.410206
1.450145
1.375421
1.446280
1.294255
1.356095
1.357384
1.451433
1.410206
1.452721
1.392169
1.450145
1.380574
1.434685
1.397323
1.447568
1.387016
1.454010
1.444991
1.446280
1.308427
1.448856
1.428243
1.452721
1.405053
1.443703
1.372844
1.447568
1.389592
1.448856
1.403764
1.454010
1.420513
1.448856
1.406341
1.443703
1.394746
1.451433
1.396034
1.255604
1.392169
1.448856
1.383151
1.454010
1.392169
1.452721
1.393457
1.451433
1.421801
1.452721
1.403764
1.455298
1.433396
1.454010
1.435973
1.438550
1.442415
1.442415
1.426955
1.448856
1.438550
1.448856
1.390881
1.448856
1.384439
1.438550
1.447568
1.446280
1.435973
1.446280
1.420513
1.446280
1.348365
1.454010
1.376709
1.450145
1.205359
1.437261
1.390881
1.425666
1.401188
1.451433
1.426955
1.455298
1.390881
1.456587
1.434685
1.456587
1.398611
1.437261
1.412783
1.443703
1.417936
1.447568
1.366402
1.454010
1.405053
1.454010
1.411494
1.452721
1.419224
1.451433
1.374132
1.450145
1.408918
1.455298
1.407629
1.448856
1.401188
1.447568
1.425666
1.447568
1.357384
1.450145
1.442415
1.437261
1.441126
1.446280
1.397323
1.450145
1.407629
1.448856
1.389592
1.446280
1.392169
1.450145
1.399899
1.372844
1.401188
1.451433
1.403764
1.435973
1.387016
1.446280
1.390881
1.450145
1.331617
1.450145
1.444991
1.454010
1.438550
1.447568
1.393457
1.451433
1.447568
1.457875
1.396034
1.450145
1.371556
1.443703
1.380574
1.438550
1.370267
1.447568
1.401188
1.438550
1.383151
1.443703
1.356095
1.448856
1.402476
1.444991
1.350942
1.448856
1.365114
1.455298
1.410206
1.460452
1.426955
1.452721
1.399899
1.460452
1.390881
1.456587
1.363825
1.448856
1.380574
1.448856
1.393457
1.452721
1.419224
1.451433
1.403764
1.454010
1.401188
1.448856
1.446280
1.444991
1.359960
1.446280
1.383151
1.451433
1.363825
1.450145
1.441126
1.451433
1.387016
1.444991
1.347077
1.450145
1.329040
1.451433
1.389592
1.448856
1.393457
1.448856
1.401188
1.437261
1.353519
1.452721
1.411494
1.450145
1.326463
1.448856
1.442415
1.447568
1.329040
1.446280
1.394746
1.406341
1.414071
1.446280
1.357384
1.450145
1.435973
1.446280
1.392169
1.451433
1.448856
1.452721
1.390881
1.452721
1.397323
1.446280
1.428243
1.452721
1.447568
1.448856
1.396034
1.450145
1.399899
1.448856
1.430820
1.446280
1.407629
1.442415
1.402476
1.451433
1.416648
1.451433
1.394746
1.448856
1.384439
1.444991
1.390881
1.446280
1.414071
1.454010
1.361249
1.434685
1.387016
1.448856
1.414071
1.454010
1.396034
1.442415
1.368979
1.455298
1.385727
1.451433
1.384439
1.437261
1.394746
1.448856
1.390881
1.443703
1.419224
1.447568
1.398611
1.446280
1.401188
1.454010
1.381862
1.455298
1.392169
1.448856
1.372844
1.442415
1.396034
1.444991
1.407629
1.447568
1.365114
1.450145
1.387016
1.450145
1.394746
1.451433
1.442415
1.452721
1.433396
1.448856
1.428243
1.454010
1.402476
1.450145
1.408918
1.448856
1.408918
1.452721
1.406341
1.455298
1.438550
1.450145
1.375421
1.444991
1.442415
1.447568
1.392169
1.446280
1.394746
1.450145
1.385727
1.454010
1.389592
1.450145
1.379286
1.451433
1.441126
1.451433
1.403764
1.446280
1.398611
1.451433
1.401188
1.454010
1.403764
1.448856
1.407629
1.446280
1.399899
1.447568
1.410206
1.437261
1.379286
1.448856
1.390881
1.447568
1.397323
1.450145
1.381862
1.454010
1.341924
1.452721
1.408918
1.455298
1.367691
1.448856
1.357384
1.446280
1.452721
1.448856
1.416648
1.452721
1.393457
1.448856
1.396034
1.448856
1.435973
1.447568
1.403764
1.441126
1.447568
1.450145
1.184745
1.450145
1.394746
1.456587
1.419224
1.450145
1.447568
1.451433
1.380574
1.452721
1.390881
1.451433
1.375421
1.447568
1.372844
1.447568
1.361249
1.444991
1.399899
1.450145
1.416648
1.456587
1.420513
1.456587
1.438550
1.455298
1.405053
1.452721
1.402476
1.451433
1.438550
1.448856
1.438550
1.435973
1.403764
1.447568
1.435973
1.446280
1.384439
1.434685
1.389592
1.452721
1.432108
1.450145
1.390881
1.444991
1.387016
1.443703
1.429531
1.446280
1.437261
1.444991
1.381862
1.447568
1.432108
1.448856
1.446280
1.443703
1.434685
1.448856
1.433396
1.455298
1.358672
1.452721
1.450145
1.452721
1.403764
1.451433
1.390881
1.444991
1.398611
1.452721
1.394746
1.444991
1.415359
1.446280
1.399899
1.446280
1.402476
1.446280
1.379286
1.451433
1.414071
1.450145
1.244009
1.450145
1.401188
1.446280
1.439838
1.447568
1.383151
1.447568
1.420513
1.410206
1.406341
1.455298
1.460452
1.452721
1.388304
1.455298
1.429531
1.454010
1.443703
1.451433
1.389592
1.447568
1.406341
1.443703
1.447568
1.442415
1.414071
1.444991
1.421801
1.447568
1.429531
1.441126
1.424378
1.443703
1.401188
1.446280
1.389592
1.450145
1.390881
1.447568
1.423089
1.450145
1.412783
1.450145
1.402476
1.450145
1.433396
1.451433
1.450145
1.444991
1.394746
1.451433
1.405053
1.448856
1.439838
1.454010
1.420513
1.448856
1.439838
1.447568
1.402476
1.451433
1.443703
1.451433
1.411494
1.452721
1.334193
1.451433
1.397323
1.444991
1.425666
1.448856
1.225972
1.441126
1.433396
1.448856
1.399899
1.451433
1.359960
1.447568
1.448856
1.446280
1.375421
1.455298
1.429531
1.451433
1.439838
1.450145
1.405053
1.446280
1.437261
1.446280
1.430820
1.435973
1.381862
1.435973
1.399899
1.441126
1.405053
1.446280
1.405053
1.442415
1.406341
1.446280
1.417936
1.451433
1.419224
1.447568
1.442415
1.448856
1.384439
1.448856
1.405053
1.446280
1.433396
1.450145
1.402476
1.447568
1.438550
1.454010
1.417936
1.457875
1.401188
1.450145
1.447568
1.443703
1.454010
1.450145
1.407629
1.448856
1.393457
1.447568
1.421801
1.448856
1.238856
1.450145
1.442415
1.450145
1.454010
1.448856
1.435973
1.447568
1.454010
1.448856
1.412783
1.451433
1.408918
1.448856
1.416648
1.446280
1.291678
1.451433
1.432108
1.446280
1.192475
1.447568
1.424378
1.448856
1.380574
1.437261
1.414071
1.451433
1.423089
1.446280
1.405053
1.452721
1.459163
1.455298
1.390881
1.450145
1.406341
1.451433
1.442415
1.450145
1.402476
1.448856
1.384439
1.444991
1.416648
1.444991
1.408918
1.447568
1.447568
1.447568
1.412783
1.444991
1.452721
1.447568
1.414071
1.448856
1.423089
1.447568
1.428243
1.446280
1.442415
1.448856
1.442415
1.444991
1.384439
1.447568
1.452721
1.446280
1.421801
1.448856
1.456587
1.443703
1.435973
1.444991
1.415359
1.444991
1.361249
1.446280
1.421801
1.454010
1.443703
1.454010
1.459163
1.451433
1.368979
1.452721
1.435973
1.454010
1.411494
1.455298
1.408918
1.447568
1.394746
1.446280
1.452721
1.442415
1.374132
1.441126
1.389592
1.441126
1.408918
1.447568
1.452721
1.450145
1.420513
1.452721
1.393457
1.450145
1.401188
1.448856
1.423089
1.444991
1.421801
1.447568
1.408918
1.448856
1.455298
1.446280
1.428243
1.448856
1.451433
1.452721
1.435973
1.447568
1.426955
1.444991
1.437261
1.451433
1.414071
1.447568
1.439838
1.446280
1.419224
1.447568
1.368979
1.452721
1.439838
1.450145
1.442415
1.454010
1.457875
1.454010
1.435973
1.450145
1.428243
1.447568
1.354807
1.446280
1.439838
1.446280
1.408918
1.446280
1.412783
1.444991
1.415359
1.447568
1.419224
1.446280
1.420513
1.443703
1.428243
1.447568
1.457875
1.448856
1.406341
1.444991
1.448856
1.446280
1.432108
1.451433
1.397323
1.448856
1.361249
1.448856
1.412783
1.443703
1.437261
1.441126
1.401188
1.446280
1.429531
1.448856
1.412783
1.450145
1.430820
1.454010
1.414071
1.451433
1.433396
1.452721
1.412783
1.451433
1.430820
1.447568
1.442415
1.443703
1.412783
1.448856
1.421801
1.438550
1.396034
1.446280
1.437261
1.444991
1.412783
1.446280
1.420513
1.435973
1.399899
1.443703
1.433396
1.439838
1.420513
1.448856
1.420513
1.450145
1.448856
1.450145
1.403764
1.447568
1.438550
1.448856
1.429531
1.450145
1.435973
1.448856
1.426955
1.452721
1.444991
1.455298
1.455298
1.455298
1.455298
1.447568
1.423089
1.444991
1.419224
1.443703
1.430820
1.444991
1.419224
1.443703
1.424378
1.450145
1.423089
1.451433
1.396034
1.448856
1.390881
1.451433
1.452721
1.447568
1.438550
1.446280
1.452721
1.446280
1.401188
1.439838
1.441126
1.435973
1.441126
1.441126
1.335482
1.443703
1.437261
1.444991
1.414071
1.443703
1.447568
1.442415
1.408918
1.442415
1.443703
1.448856
1.463028
1.452721
1.389592
1.447568
1.403764
1.444991
1.438550
1.444991
1.460452
1.451433
1.444991
1.455298
1.411494
1.454010
1.434685
1.451433
1.451433
1.447568
1.408918
1.444991
1.454010
1.439838
1.401188
1.446280
1.426955
1.447568
1.405053
1.451433
1.443703
1.454010
1.415359
1.451433
1.432108
1.450145
1.434685
1.446280
1.425666
1.446280
1.399899
1.447568
1.417936
1.448856
1.415359
1.450145
1.461740
1.454010
1.441126
1.443703
1.417936
1.450145
1.454010
1.448856
1.430820
1.379286
1.421801
1.442415
1.384439
1.443703
1.437261
1.441126
1.411494
1.438550
1.377997
1.446280
1.444991
1.439838
1.450145
1.443703
1.439838
1.444991
1.444991
1.446280
1.425666
1.450145
1.405053
1.454010
1.444991
1.444991
1.452721
1.447568
1.424378
1.443703
1.425666
1.443703
1.426955
1.448856
1.411494
1.447568
1.394746
1.446280
1.446280
1.448856
1.428243
1.457875
1.454010
1.455298
1.421801
1.450145
1.424378
1.447568
1.426955
1.444991
1.408918
1.444991
1.425666
1.444991
1.451433
1.443703
1.430820
1.441126
1.399899
1.441126
1.419224
1.441126
1.410206
1.443703
1.354807
1.447568
1.406341
1.452721
1.432108
1.454010
1.430820
1.447568
1.406341
1.444991
1.419224
1.442415
1.454010
1.442415
1.401188
1.446280
1.452721
1.446280
1.430820
1.446280
1.412783
1.444991
1.444991
1.446280
1.439838
1.446280
1.426955
1.451433
1.406341
1.450145
1.420513
1.442415
1.424378
1.443703
1.429531
1.450145
1.457875
1.446280
1.430820
1.442415
1.438550
1.447568
1.426955
1.447568
1.443703
1.450145
1.393457
1.448856
1.406341
1.442415
1.450145
1.444991
1.375421
1.444991
1.448856
1.443703
1.405053
1.441126
1.428243
1.455298
1.425666
1.455298
1.456587
1.455298
1.468182
1.452721
1.438550
1.403764
1.393457
1.441126
1.425666
1.439838
1.387016
1.443703
1.416648
1.447568
1.376709
1.443703
1.416648
1.443703
1.439838
1.448856
1.405053
1.446280
1.448856
1.447568
1.420513
1.446280
1.442415
1.444991
1.421801
1.451433
1.417936
1.450145
1.435973
1.442415
1.383151
1.444991
1.420513
1.447568
1.377997
1.446280
1.406341
1.446280
1.414071
1.439838
1.443703
1.443703
1.417936
1.447568
1.426955
1.450145
1.392169
1.451433
1.428243
1.429531
1.405053
1.446280
1.406341
1.442415
1.406341
1.441126
1.353519
1.441126
1.206647
1.444991
1.414071
1.446280
1.366402
1.448856
1.375421
1.447568
1.448856
1.452721
1.443703
1.446280
1.450145
1.430820
1.425666
1.438550
1.406341
1.443703
1.273641
1.446280
1.461740
1.446280
1.460452
1.443703
1.456587
1.442415
1.443703
1.435973
1.439838
1.442415
1.425666
1.442415
1.411494
1.442415
1.459163
1.437261
1.457875
1.443703
1.425666
1.447568
1.446280
1.447568
1.323887
1.444991
1.450145
1.444991
1.442415
1.435973
1.423089
1.447568
1.461740
1.447568
1.439838
1.448856
1.448856
1.447568
1.428243
1.443703
1.309715
1.442415
1.447568
1.438550
1.456587
1.439838
1.460452
1.442415
1.459163
1.443703
1.439838
1.443703
1.460452
1.443703
1.457875
1.446280
1.464317
1.447568
1.464317
1.448856
1.464317
1.444991
1.464317
1.447568
1.460452
1.446280
1.432108
1.442415
1.415359
1.439838
1.441126
1.442415
1.438550
1.443703
1.451433
1.443703
1.450145
1.443703
1.459163
1.442415
1.461740
1.447568
1.446280
1.446280
1.461740
1.448856
1.415359
1.446280
1.454010
1.446280
1.464317
1.446280
1.443703
1.446280
1.460452
1.442415
1.456587
1.442415
1.442415
1.451433
1.454010
1.446280
1.461740
1.443703
1.437261
1.439838
1.463028
1.438550
1.442415
1.438550
1.442415
1.438550
1.452721
1.438550
1.433396
1.442415
1.451433
1.446280
1.461740
1.450145
1.460452
1.447568
1.461740
1.441126
1.461740
1.443703
1.396034
1.444991
1.464317
1.443703
1.441126
1.444991
1.461740
1.446280
1.438550
1.447568
1.460452
1.447568
1.457875
1.446280
1.460452
1.441126
1.446280
1.437261
1.457875
1.439838
1.425666
1.442415
1.446280
1.438550
1.350942
1.441126
1.450145
1.442415
1.466893
1.446280
1.460452
1.447568
1.446280
1.446280
1.452721
1.446280
1.454010
1.444991
1.463028
1.444991
1.441126
1.444991
1.464317
1.444991
1.461740
1.443703
1.452721
1.439838
1.428243
1.438550
1.456587
1.438550
1.443703
1.442415
1.463028
1.446280
1.430820
1.447568
1.245298
1.452721
1.472047
1.452721
1.460452
1.444991
1.450145
1.447568
1.468182
1.447568
1.447568
1.450145
1.461740
1.442415
1.464317
1.444991
1.456587
1.438550
1.455298
1.437261
1.318733
1.437261
1.451433
1.441126
1.460452
1.437261
1.437261
1.433396
1.429531
1.438550
1.446280
1.441126
1.461740
1.446280
1.443703
1.448856
1.457875
1.439838
1.425666
1.438550
1.456587
1.447568
1.463028
1.448856
1.459163
1.448856
1.460452
1.446280
1.443703
1.444991
1.432108
1.446280
1.465605
1.444991
1.455298
1.443703
1.452721
1.438550
1.455298
1.438550
1.448856
1.438550
1.454010
1.441126
1.443703
1.448856
1.420513
1.446280
1.456587
1.441126
1.459163
1.441126
1.426955
1.441126
1.411494
1.439838
1.459163
1.441126
1.448856
1.444991
1.281371
1.444991
1.451433
1.444991
1.446280
1.443703
1.399899
1.433396
1.451433
1.435973
1.447568
1.444991
1.466893
1.451433
1.475912
1.450145
1.465605
1.450145
1.468182
1.442415
1.457875
1.442415
1.311003
1.441126
1.439838
1.442415
1.455298
1.439838
1.414071
1.441126
1.425666
1.444991
1.443703
1.442415
1.435973
1.442415
1.455298
1.450145
1.447568
1.455298
1.447568
1.452721
1.363825
1.450145
1.437261
1.443703
1.464317
1.439838
1.451433
1.434685
1.448856
1.434685
1.451433
1.435973
1.439838
1.438550
1.443703
1.435973
1.398611
1.430820
1.463028
1.443703
1.454010
1.447568
1.469470
1.446280
1.469470
1.444991
1.424378
1.442415
1.454010
1.438550
1.421801
1.434685
1.454010
1.435973
1.433396
1.435973
1.362537
1.443703
1.457875
1.448856
1.470758
1.444991
1.463028
1.444991
1.452721
1.448856
1.452721
1.446280
1.469470
1.443703
1.451433
1.441126
1.460452
1.443703
1.425666
1.444991
1.456587
1.423089
1.455298
1.442415
1.443703
1.430820
1.452721
1.446280
1.466893
1.447568
1.447568
1.442415
1.452721
1.435973
1.454010
1.438550
1.456587
1.438550
1.454010
1.437261
1.459163
1.439838
1.434685
1.438550
1.455298
1.446280
1.443703
1.443703
1.465605
1.447568
1.434685
1.438550
1.432108
1.443703
1.441126
1.442415
1.457875
1.439838
1.463028
1.446280
1.461740
1.443703
1.336770
1.447568
1.441126
1.444991
1.446280
1.444991
1.454010
1.446280
1.463028
1.443703
1.460452
1.441126
1.452721
1.438550
1.419224
1.438550
1.460452
1.442415
1.442415
1.442415
1.444991
1.441126
1.455298
1.441126
1.468182
1.447568
1.460452
1.447568
1.465605
1.444991
1.454010
1.447568
1.457875
1.442415
1.393457
1.435973
1.461740
1.435973
1.456587
1.433396
1.437261
1.437261
1.438550
1.438550
1.359960
1.434685
1.448856
1.435973
1.426955
1.433396
1.439838
1.434685
1.429531
1.438550
1.433396
1.437261
1.459163
1.447568
1.473335
1.452721
1.469470
1.454010
1.457875
1.446280
1.434685
1.444991
1.466893
1.439838
1.457875
1.441126
1.461740
1.443703
1.460452
1.446280
1.455298
1.448856
1.463028
1.446280
1.451433
1.442415
1.461740
1.438550
1.433396
1.441126
1.472047
1.444991
1.466893
1.442415
1.446280
1.437261
1.429531
1.443703
1.352230
1.442415
1.457875
1.442415
1.464317
1.442415
1.464317
1.444991
1.460452
1.451433
1.419224
1.451433
1.450145
1.451433
1.472047
1.451433
1.451433
1.446280
1.464317
1.442415
1.456587
1.439838
1.460452
1.438550
1.389592
1.437261
1.416648
1.439838
1.461740
1.435973
1.412783
1.439838
1.452721
1.438550
1.442415
1.439838
1.341924
1.448856
1.457875
1.444991
1.451433
1.437261
1.434685
1.442415
1.438550
1.442415
1.438550
1.435973
1.439838
1.435973
1.454010
1.441126
1.448856
1.438550
1.463028
1.443703
1.421801
1.446280
1.461740
1.443703
1.454010
1.446280
1.468182
1.441126
1.465605
1.444991
1.441126
1.442415
1.435973
1.441126
1.464317
1.446280
1.451433
1.455298
1.472047
1.454010
1.479777
1.451433
1.455298
1.443703
1.470758
1.444991
1.463028
1.443703
1.466893
1.439838
1.456587
1.433396
1.451433
1.434685
1.433396
1.441126
1.460452
1.441126
1.451433
1.434685
1.459163
1.444991
1.334193
1.448856
1.411494
1.450145
1.459163
1.442415
1.454010
1.442415
1.448856
1.439838
1.456587
1.446280
1.437261
1.441126
1.461740
1.437261
1.459163
1.442415
1.463028
1.442415
1.443703
1.446280
1.457875
1.446280
1.464317
1.446280
1.466893
1.444991
1.456587
1.444991
1.460452
1.439838
1.437261
1.439838
1.461740
1.439838
1.448856
1.439838
1.415359
1.444991
1.457875
1.447568
1.461740
1.443703
1.428243
1.442415
1.457875
1.444991
1.439838
1.443703
1.459163
1.442415
1.451433
1.441126
1.455298
1.441126
1.446280
1.443703
1.459163
1.443703
1.452721
1.442415
1.447568
1.442415
1.410206
1.439838
1.452721
1.438550
1.454010
1.441126
1.447568
1.441126
1.437261
1.442415
1.447568
1.443703
1.456587
1.442415
1.444991
1.446280
1.454010
1.446280
1.468182
1.446280
1.451433
1.443703
1.412783
1.447568
1.411494
1.446280
1.456587
1.446280
1.469470
1.443703
1.465605
1.447568
1.459163
1.441126
1.450145
1.443703
1.468182
1.444991
1.452721
1.442415
1.468182
1.408918
1.466893
1.441126
1.439838
1.434685
1.421801
1.438550
1.466893
1.443703
1.451433
1.442415
1.464317
1.443703
1.465605
1.446280
1.468182
1.442415
1.456587
1.446280
1.442415
1.442415
1.460452
1.442415
1.455298
1.439838
1.454010
1.439838
1.459163
1.444991
1.465605
1.446280
1.466893
1.441126
1.435973
1.443703
1.451433
1.442415
1.448856
1.443703
1.439838
1.441126
1.468182
1.444991
1.419224
1.442415
1.464317
1.439838
1.407629
1.439838
1.460452
1.446280
1.428243
1.446280
1.461740
1.443703
1.464317
1.447568
1.454010
1.439838
1.426955
1.441126
1.460452
1.438550
1.448856
1.434685
1.452721
1.438550
1.433396
1.433396
1.434685
1.437261
1.441126
1.443703
1.457875
1.444991
1.429531
1.443703
1.461740
1.443703
1.421801
1.447568
1.455298
1.448856
1.465605
1.454010
1.460452
1.447568
1.448856
1.441126
1.452721
1.443703
1.464317
1.443703
1.460452
1.444991
1.446280
1.437261
1.450145
1.433396
1.434685
1.438550
1.461740
1.443703
1.459163
1.451433
1.463028
1.452721
1.474623
1.448856
1.454010
1.439838
1.460452
1.438550
1.419224
1.435973
1.460452
1.438550
1.442415
1.441126
1.444991
1.441126
1.407629
1.441126
1.441126
1.443703
1.461740
1.439838
1.456587
1.438550
1.406341
1.432108
1.447568
1.430820
1.429531
1.430820
1.450145
1.441126
1.461740
1.442415
1.466893
1.448856
1.468182
1.448856
1.439838
1.444991
1.472047
1.446280
1.420513
1.447568
1.450145
1.441126
1.446280
1.443703
1.456587
1.447568
1.454010
1.450145
1.438550
1.450145
1.417936
1.443703
1.469470
1.444991
1.434685
1.442415
1.452721
1.443703
1.463028
1.444991
1.466893
1.441126
1.463028
1.447568
1.401188
1.442415
1.465605
1.442415
1.428243
1.441126
1.457875
1.446280
1.438550
1.443703
1.451433
1.439838
1.450145
1.439838
1.411494
1.438550
1.452721
1.441126
1.456587
1.439838
1.464317
1.444991
1.459163
1.444991
1.446280
1.447568
1.455298
1.443703
1.457875
1.442415
1.456587
1.441126
1.429531
1.433396
1.452721
1.438550
1.461740
1.438550
1.437261
1.438550
1.456587
1.444991
1.459163
1.443703
1.472047
1.443703
1.450145
1.446280
1.455298
1.448856
1.469470
1.446280
1.469470
1.446280
1.469470
1.446280
1.454010
1.438550
1.448856
1.439838
1.464317
1.446280
1.474623
1.451433
1.473335
1.450145
1.463028
1.447568
1.452721
1.437261
1.434685
1.435973
1.411494
1.432108
1.452721
1.430820
1.415359
1.434685
1.341924
1.439838
1.459163
1.443703
1.466893
1.442415
1.465605
1.438550
1.468182
1.444991
1.470758
1.444991
1.435973
1.442415
1.465605
1.441126
1.464317
1.442415
1.465605
1.438550
1.455298
1.438550
1.415359
1.443703
1.464317
1.446280
1.420513
1.442415
1.460452
1.442415
1.414071
1.446280
1.472047
1.444991
1.461740
1.444991
1.472047
1.444991
1.463028
1.441126
1.464317
1.437261
1.461740
1.439838
1.451433
1.441126
1.466893
1.443703
1.469470
1.446280
1.470758
1.450145
1.454010
1.443703
1.470758
1.439838
1.411494
1.434685
1.450145
1.437261
1.448856
1.435973
1.464317
1.439838
1.460452
1.433396
1.460452
1.438550
1.451433
1.439838
1.416648
1.437261
1.450145
1.439838
1.463028
1.441126
1.438550
1.438550
1.461740
1.438550
1.466893
1.442415
1.455298
1.443703
1.469470
1.443703
1.468182
1.444991
1.461740
1.442415
1.459163
1.438550
1.457875
1.443703
1.362537
1.441126
1.459163
1.442415
1.460452
1.443703
1.469470
1.442415
1.459163
1.441126
1.447568
1.432108
1.434685
1.434685
1.439838
1.438550
1.469470
1.442415
1.425666
1.442415
1.468182
1.446280
1.463028
1.446280
1.472047
1.444991
1.473335
1.444991
1.472047
1.442415
1.451433
1.441126
1.454010
1.437261
1.450145
1.439838
1.443703
1.433396
1.454010
1.438550
1.429531
1.441126
1.452721
1.438550
1.466893
1.443703
1.443703
1.441126
1.456587
1.437261
1.464317
1.443703
1.329040
1.443703
1.474623
1.443703
1.470758
1.439838
1.437261
1.438550
1.454010
1.437261
1.469470
1.437261
1.461740
1.442415
1.475912
1.443703
1.448856
1.444991
1.461740
1.443703
1.457875
1.443703
1.473335
1.444991
1.468182
1.432108
1.461740
1.433396
1.441126
1.437261
1.468182
1.441126
1.474623
1.442415
1.468182
1.442415
1.472047
1.439838
1.461740
1.444991
1.469470
1.443703
1.472047
1.439838
1.452721
1.439838
1.461740
1.437261
1.446280
1.439838
1.468182
1.439838
1.474623
1.443703
1.474623
1.439838
1.472047
1.439838
1.472047
1.443703
1.474623
1.442415
1.459163
1.446280
1.438550
1.442415
1.470758
1.434685
1.456587
1.435973
1.457875
1.434685
1.434685
1.434685
1.466893
1.438550
1.472047
1.441126
1.327752
1.438550
1.456587
1.434685
1.465605
1.435973
1.455298
1.438550
1.434685
1.439838
1.402476
1.438550
1.474623
1.443703
1.478488
1.442415
1.464317
1.437261
1.463028
1.439838
1.473335
1.442415
1.474623
1.441126
1.479777
1.441126
1.472047
1.434685
1.473335
1.442415
1.472047
1.442415
1.472047
1.439838
1.468182
1.430820
1.470758
1.438550
1.468182
1.435973
1.473335
1.437261
1.474623
1.441126
1.473335
1.438550
1.473335
1.437261
1.470758
1.437261
1.470758
1.434685
1.477200
1.439838
1.474623
1.439838
1.475912
1.438550
1.474623
1.439838
1.474623
1.441126
1.473335
1.439838
1.473335
1.437261
1.473335
1.437261
1.473335
1.438550
1.478488
1.443703
1.479777
1.443703
1.477200
1.443703
1.479777
1.442415
1.475912
1.434685
1.469470
1.433396
1.477200
1.441126
1.475912
1.439838
1.475912
1.437261
1.472047
1.437261
1.477200
1.438550
1.475912
1.438550
1.475912
1.437261
1.469470
1.435973
1.473335
1.434685
1.468182
1.429531
1.470758
1.430820
1.472047
1.434685
1.475912
1.438550
1.475912
1.441126
1.481065
1.443703
1.477200
1.444991
1.482353
1.446280
1.479777
1.438550
1.475912
1.433396
1.470758
1.434685
1.478488
1.439838
1.477200
1.439838
1.475912
1.435973
1.475912
1.439838
1.473335
1.435973
1.473335
1.433396
1.472047
1.435973
1.474623
1.442415
1.473335
1.443703
1.477200
1.439838
1.474623
1.435973
1.470758
1.437261
1.472047
1.435973
1.475912
1.441126
1.478488
1.438550
1.475912
1.437261
1.477200
1.435973
1.472047
1.437261
1.475912
1.439838
1.481065
1.434685
1.474623
1.432108
1.474623
1.437261
1.475912
1.438550
1.475912
1.435973
1.475912
1.437261
1.475912
1.433396
1.475912
1.441126
1.478488
1.439838
1.477200
1.438550
1.474623
1.433396
1.468182
1.432108
1.474623
1.435973
1.474623
1.434685
1.473335
1.433396
1.474623
1.438550
1.482353
1.442415
1.481065
1.441126
1.479777
1.442415
1.478488
1.437261
1.474623
1.437261
1.477200
1.441126
1.478488
1.434685
1.466893
1.432108
1.468182
1.432108
1.464317
1.428243
1.468182
1.435973
1.475912
1.441126
1.481065
1.441126
1.477200
1.439838
1.478488
1.439838
1.473335
1.434685
1.470758
1.433396
1.470758
1.433396
1.473335
1.435973
1.469470
1.437261
1.474623
1.438550
1.472047
1.435973
1.470758
1.434685
1.473335
1.438550
1.475912
1.442415
1.479777
1.443703
1.481065
1.441126
1.474623
1.437261
1.475912
1.441126
1.477200
1.438550
1.474623
1.437261
1.470758
1.433396
1.469470
1.434685
1.472047
1.433396
1.461740
1.424378
1.459163
1.428243
1.464317
1.430820
1.466893
1.430820
1.470758
1.433396
1.469470
1.434685
1.469470
1.429531
1.465605
1.430820
1.466893
1.432108
1.466893
1.437261
1.473335
1.435973
1.470758
1.434685
1.470758
1.438550
1.473335
1.443703
1.478488
1.442415
1.475912
1.442415
1.477200
1.443703
1.475912
1.441126
1.482353
1.441126
1.475912
1.433396
1.468182
1.433396
1.466893
1.432108
1.468182
1.433396
1.469470
1.437261
1.468182
1.439838
1.474623
1.437261
1.472047
1.438550
1.473335
1.439838
1.472047
1.437261
1.470758
1.433396
1.468182
1.435973
1.468182
1.433396
1.463028
1.429531
1.464317
1.434685
1.466893
1.435973
1.473335
1.439838
1.469470
1.434685
1.470758
1.438550
1.472047
1.437261
1.468182
1.435973
1.468182
1.435973
1.469470
1.434685
1.469470
1.434685
1.465605
1.433396
1.461740
1.429531
1.464317
1.435973
1.466893
1.433396
1.466893
1.435973
1.466893
1.437261
1.469470
1.435973
1.466893
1.434685
1.469470
1.438550
1.469470
1.442415
1.468182
1.437261
1.466893
1.433396
1.463028
1.430820
1.461740
1.432108
1.463028
1.433396
1.463028
1.432108
1.460452
1.433396
1.465605
1.435973
1.466893
1.434685
1.464317
1.437261
1.466893
1.437261
1.468182
1.435973
1.463028
1.435973
1.464317
1.432108
1.461740
1.434685
1.461740
1.433396
1.459163
1.430820
1.460452
1.434685
1.463028
1.432108
1.460452
1.432108
1.461740
1.435973
1.464317
1.439838
1.469470
1.438550
1.468182
1.437261
1.464317
1.437261
1.463028
1.432108
1.459163
1.432108
1.455298
1.430820
1.460452
1.433396
1.459163
1.433396
1.464317
1.438550
1.459163
1.430820
1.457875
1.429531
1.457875
1.430820
1.457875
1.430820
1.459163
1.430820
1.456587
1.432108
1.461740
1.434685
1.463028
1.433396
1.460452
1.434685
1.464317
1.435973
1.460452
1.439838
1.463028
1.435973
1.463028
1.433396
1.454010
1.433396
1.456587
1.437261
1.460452
1.438550
1.454010
1.438550
1.465605
1.438550
1.450145
1.441126
1.463028
1.437261
1.455298
1.438550
1.450145
1.434685
1.448856
1.433396
1.437261
1.432108
1.443703
1.428243
1.446280
1.434685
1.423089
1.433396
1.439838
1.432108
1.443703
1.435973
1.443703
1.438550
1.439838
1.432108
1.434685
1.432108
1.447568
1.435973
1.444991
1.435973
1.446280
1.432108
1.443703
1.438550
1.438550
1.433396
1.430820
1.425666
1.433396
1.437261
1.447568
1.441126
1.448856
1.442415
1.414071
1.441126
1.446280
1.439838
1.443703
1.434685
1.437261
1.437261
1.442415
1.434685
1.432108
1.435973
1.433396
1.437261
1.442415
1.434685
1.441126
1.435973
1.438550
1.438550
1.438550
1.442415
1.441126
1.439838
1.446280
1.437261
1.430820
1.437261
1.433396
1.435973
1.434685
1.432108
1.438550
1.434685
1.438550
1.437261
1.438550
1.435973
1.429531
1.441126
1.446280
1.439838
1.439838
1.442415
1.443703
1.435973
1.437261
1.442415
1.437261
1.438550
1.443703
1.437261
1.406341
1.437261
1.451433
1.446280
1.439838
1.441126
1.437261
1.437261
1.438550
1.438550
1.430820
1.434685
1.441126
1.433396
1.433396
1.433396
1.432108
1.438550
1.433396
1.438550
1.434685
1.442415
1.443703
1.435973
1.444991
1.442415
1.416648
1.439838
1.434685
1.441126
1.381862
1.434685
1.428243
1.433396
1.434685
1.432108
1.424378
1.428243
1.426955
1.435973
1.377997
1.438550
1.426955
1.447568
1.441126
1.450145
1.450145
1.444991
1.434685
1.444991
1.435973
1.438550
1.437261
1.437261
1.428243
1.437261
1.446280
1.441126
1.450145
1.441126
1.448856
1.439838
1.447568
1.434685
1.448856
1.439838
1.455298
1.447568
1.459163
1.446280
1.456587
1.444991
1.459163
1.448856
1.455298
1.443703
1.457875
1.434685
1.456587
1.443703
1.452721
1.441126
1.452721
1.442415
1.451433
1.439838
1.451433
1.438550
1.448856
1.443703
1.456587
1.446280
1.455298
1.444991
1.450145
1.443703
1.451433
1.341924
1.455298
1.421801
1.451433
1.425666
1.452721
1.403764
1.446280
1.381862
1.439838
1.416648
1.454010
1.421801
1.451433
1.435973
1.330328
1.424378
1.444991
1.348365
1.456587
1.416648
1.455298
1.365114
1.456587
1.435973
1.455298
1.371556
1.448856
1.388304
1.451433
1.402476
1.451433
1.384439
1.446280
1.377997
1.446280
1.420513
1.452721
1.396034
1.452721
1.405053
1.448856
1.384439
1.446280
1.417936
1.439838
1.370267
1.443703
1.430820
1.429531
1.434685
1.435973
1.420513
1.450145
1.379286
1.451433
1.406341
1.446280
1.430820
1.452721
1.401188
1.455298
1.405053
1.456587
1.407629
1.441126
1.417936
1.459163
1.348365
1.454010
1.420513
1.451433
1.359960
1.448856
1.398611
1.426955
1.420513
1.443703
1.396034
1.450145
1.385727
1.442415
1.412783
1.444991
1.419224
1.451433
1.385727
1.450145
1.405053
1.448856
1.430820
1.451433
1.411494
1.455298
1.444991
1.443703
1.384439
1.452721
1.407629
1.448856
1.349654
1.441126
1.371556
1.443703
1.394746
1.412783
1.336770
1.446280
1.204070
1.450145
1.385727
1.452721
1.405053
1.444991
1.397323
1.451433
1.443703
1.450145
1.411494
1.446280
1.442415
1.447568
1.398611
1.448856
1.429531
1.459163
1.450145
1.452721
1.188610
1.452721
1.434685
1.456587
1.416648
1.451433
1.412783
1.447568
1.372844
1.444991
1.399899
1.442415
1.387016
1.442415
1.390881
1.450145
1.428243
1.452721
1.412783
1.444991
1.401188
1.446280
1.411494
1.443703
1.439838
1.447568
1.448856
1.444991
1.379286
1.447568
1.379286
1.448856
1.398611
1.450145
1.398611
1.450145
1.419224
1.451433
1.441126
1.448856
1.444991
1.447568
1.389592
1.448856
1.419224
1.446280
1.379286
1.450145
1.390881
1.451433
1.456587
1.430820
1.421801
1.455298
1.408918
1.452721
1.406341
1.450145
1.393457
1.450145
1.428243
1.448856
1.456587
1.448856
1.452721
1.446280
1.403764
1.447568
1.444991
1.446280
1.456587
1.442415
1.416648
1.446280
1.433396
1.447568
1.447568
1.448856
1.444991
1.447568
1.390881
1.447568
1.455298
1.444991
1.441126
1.448856
1.454010
1.447568
1.416648
1.446280
1.265911
1.448856
1.432108
1.450145
1.428243
1.448856
1.429531
1.446280
1.385727
1.446280
1.425666
1.444991
1.437261
1.446280
1.396034
1.448856
1.406341
1.443703
1.414071
1.439838
1.410206
1.441126
1.452721
1.448856
1.411494
1.448856
1.437261
1.454010
1.423089
1.451433
1.383151
1.444991
1.394746
1.439838
1.410206
1.439838
1.392169
1.441126
1.435973
1.442415
1.442415
1.443703
1.408918
1.447568
1.426955
1.447568
1.448856
1.448856
1.423089
1.450145
1.437261
1.444991
1.443703
1.442415
1.433396
1.441126
1.451433
1.441126
1.452721
1.441126
1.370267
1.441126
1.233702
1.450145
1.465605
1.444991
1.363825
1.444991
1.460452
1.446280
1.461740
1.444991
1.392169
1.447568
1.278795
1.447568
1.465605
1.444991
1.414071
1.444991
1.455298
1.438550
1.442415
1.442415
1.434685
1.441126
1.452721
1.443703
1.452721
1.447568
1.430820
1.447568
1.447568
1.446280
1.457875
1.447568
1.456587
1.447568
1.450145
1.444991
1.452721
1.441126
1.403764
1.441126
1.434685
1.443703
1.452721
1.443703
1.454010
1.442415
1.291678
1.443703
1.457875
1.448856
1.426955
1.443703
1.446280
1.446280
1.446280
1.442415
1.460452
1.441126
1.426955
1.442415
1.460452
1.442415
1.454010
1.444991
1.442415
1.444991
1.466893
1.442415
1.435973
1.444991
1.459163
1.442415
1.463028
1.439838
1.417936
1.443703
1.435973
1.450145
1.454010
1.446280
1.463028
1.442415
1.463028
1.439838
1.430820
1.443703
1.408918
1.444991
1.464317
1.443703
1.461740
1.428243
1.455298
1.444991
1.463028
1.444991
1.469470
1.446280
1.470758
1.446280
1.459163
1.444991
1.421801
1.438550
1.464317
1.435973
1.456587
1.435973
1.464317
1.438550
1.450145
1.438550
1.417936
1.442415
1.472047
1.443703
1.438550
1.444991
1.469470
1.438550
1.425666
1.437261
1.468182
1.444991
1.474623
1.447568
1.472047
1.446280
1.439838
1.444991
1.469470
1.441126
1.452721
1.437261
1.461740
1.437261
1.470758
1.438550
1.441126
1.435973
1.408918
1.434685
1.460452
1.437261
1.464317
1.443703
1.473335
1.443703
1.465605
1.439838
1.442415
1.439838
1.444991
1.442415
1.463028
1.441126
1.466893
1.441126
1.472047
1.439838
1.448856
1.438550
1.473335
1.439838
1.407629
1.438550
1.466893
1.435973
1.465605
1.434685
1.433396
1.437261
1.469470
1.442415
1.464317
1.433396
1.466893
1.443703
1.460452
1.442415
1.464317
1.443703
1.430820
1.441126
1.469470
1.437261
1.450145
1.438550
1.469470
1.437261
1.470758
1.441126
1.425666
1.448856
1.478488
1.443703
1.466893
1.437261
1.451433
1.432108
1.469470
1.433396
1.469470
1.438550
1.475912
1.443703
1.475912
1.443703
1.477200
1.441126
1.474623
1.438550
1.474623
1.442415
1.481065
1.444991
1.482353
1.442415
1.482353
1.446280
1.482353
1.442415
1.474623
1.437261
1.470758
1.435973
1.470758
1.434685
1.470758
1.433396
1.470758
1.433396
1.470758
1.435973
1.474623
1.439838
1.475912
1.439838
1.478488
1.441126
1.477200
1.438550
1.472047
1.438550
1.478488
1.441126
1.483642
1.448856
1.488795
1.450145
1.486219
1.448856
1.484930
1.441126
1.479777
1.438550
1.475912
1.434685
1.466893
1.426955
1.464317
1.430820
1.468182
1.430820
1.472047
1.434685
1.474623
1.435973
1.473335
1.430820
1.473335
1.437261
1.472047
1.432108
1.473335
1.434685
1.472047
1.430820
1.466893
1.437261
1.477200
1.439838
1.477200
1.439838
1.479777
1.441126
1.484930
1.446280
1.482353
1.439838
1.473335
1.435973
1.473335
1.435973
1.477200
1.437261
1.474623
1.434685
1.472047
1.430820
1.464317
1.430820
1.473335
1.437261
1.475912
1.437261
1.474623
1.439838
1.474623
1.438550
1.475912
1.441126
1.474623
1.438550
1.478488
1.437261
1.478488
1.441126
1.477200
1.435973
1.470758
1.434685
1.474623
1.438550
1.473335
1.435973
1.472047
1.434685
1.468182
1.430820
1.470758
1.435973
1.470758
1.437261
1.475912
1.442415
1.475912
1.434685
1.473335
1.437261
1.474623
1.434685
1.470758
1.434685
1.470758
1.434685
1.470758
1.434685
1.469470
1.434685
1.474623
1.437261
1.472047
1.437261
1.475912
1.443703
1.473335
1.434685
1.469470
1.433396
1.466893
1.432108
1.468182
1.430820
1.469470
1.435973
1.469470
1.432108
1.470758
1.437261
1.470758
1.435973
1.468182
1.433396
1.465605
1.429531
1.469470
1.437261
1.468182
1.437261
1.475912
1.442415
1.473335
1.439838
1.474623
1.441126
1.479777
1.441126
1.472047
1.439838
1.472047
1.437261
1.473335
1.441126
1.477200
1.442415
1.474623
1.441126
1.477200
1.435973
1.469470
1.433396
1.469470
1.433396
1.463028
1.430820
1.469470
1.437261
1.470758
1.434685
1.468182
1.433396
1.464317
1.430820
1.463028
1.429531
1.463028
1.430820
1.465605
1.432108
1.466893
1.435973
1.464317
1.432108
1.464317
1.430820
1.459163
1.426955
1.459163
1.430820
1.466893
1.435973
1.474623
1.444991
1.473335
1.438550
1.468182
1.434685
1.464317
1.434685
1.464317
1.432108
1.461740
1.432108
1.465605
1.434685
1.465605
1.442415
1.469470
1.437261
1.468182
1.430820
1.464317
1.434685
1.470758
1.438550
1.466893
1.434685
1.463028
1.435973
1.465605
1.433396
1.460452
1.430820
1.459163
1.432108
1.459163
1.433396
1.464317
1.435973
1.465605
1.438550
1.461740
1.428243
1.457875
1.426955
1.455298
1.428243
1.459163
1.424378
1.454010
1.428243
1.451433
1.430820
1.464317
1.437261
1.464317
1.433396
1.469470
1.437261
1.465605
1.434685
1.464317
1.434685
1.465605
1.438550
1.468182
1.439838
1.465605
1.437261
1.465605
1.437261
1.463028
1.432108
1.459163
1.433396
1.464317
1.434685
1.460452
1.439838
1.464317
1.434685
1.460452
1.434685
1.464317
1.434685
1.460452
1.434685
1.463028
1.437261
1.465605
1.442415
1.468182
1.439838
1.448856
1.432108
1.454010
1.428243
1.444991
1.424378
1.443703
1.428243
1.444991
1.430820
1.451433
1.434685
1.450145
1.434685
1.452721
1.439838
1.452721
1.448856
1.450145
1.441126
1.451433
1.439838
1.447568
1.437261
1.437261
1.432108
1.446280
1.432108
1.446280
1.435973
1.450145
1.435973
1.448856
1.433396
1.450145
1.439838
1.454010
1.439838
1.455298
1.435973
1.441126
1.437261
1.446280
1.432108
1.439838
1.429531
1.433396
1.433396
1.441126
1.437261
1.439838
1.437261
1.448856
1.443703
1.447568
1.439838
1.444991
1.437261
1.439838
1.433396
1.443703
1.433396
1.432108
1.435973
1.444991
1.438550
1.450145
1.438550
1.444991
1.439838
1.421801
1.441126
1.434685
1.429531
1.414071
1.433396
1.438550
1.428243
1.412783
1.429531
1.435973
1.433396
1.434685
1.438550
1.448856
1.438550
1.456587
1.442415
1.438550
1.438550
1.444991
1.437261
1.446280
1.435973
1.428243
1.437261
1.446280
1.432108
1.442415
1.438550
1.439838
1.443703
1.447568
1.439838
1.444991
1.441126
1.447568
1.438550
1.448856
1.438550
1.434685
1.437261
1.448856
1.439838
1.423089
1.435973
1.444991
1.439838
1.439838
1.439838
1.433396
1.443703
1.439838
1.447568
1.452721
1.448856
1.454010
1.447568
1.442415
1.442415
1.447568
1.430820
1.419224
1.428243
1.412783
1.429531
1.429531
1.433396
1.444991
1.434685
1.432108
1.437261
1.428243
1.438550
1.442415
1.435973
1.428243
1.437261
1.452721
1.444991
1.454010
1.442415
1.430820
1.441126
1.442415
1.447568
1.439838
1.441126
1.434685
1.443703
1.439838
1.441126
1.435973
1.442415
1.434685
1.438550
1.434685
1.441126
1.437261
1.442415
1.448856
1.439838
1.421801
1.442415
1.439838
1.442415
1.441126
1.444991
1.448856
1.438550
1.434685
1.442415
1.447568
1.433396
1.452721
1.442415
1.447568
1.438550
1.452721
1.442415
1.451433
1.439838
1.450145
1.438550
1.450145
1.441126
1.456587
1.441126
1.450145
1.441126
1.454010
1.439838
1.454010
1.438550
1.451433
1.443703
1.454010
1.443703
1.452721
1.446280
1.454010
1.442415
1.450145
1.442415
1.455298
1.441126
1.450145
1.443703
1.454010
1.443703
1.455298
1.446280
1.450145
1.443703
1.454010
1.442415
1.450145
1.430820
1.448856
1.410206
1.451433
1.446280
1.441126
1.406341
1.455298
1.389592
1.448856
1.415359
1.448856
1.450145
1.451433
1.416648
1.455298
1.397323
1.435973
1.420513
1.455298
1.412783
1.455298
1.372844
1.415359
1.357384
1.434685
1.396034
1.396034
1.387016
1.444991
1.236279
1.420513
1.396034
1.424378
1.340635
1.447568
1.405053
1.451433
1.414071
1.455298
1.405053
1.439838
1.441126
1.454010
1.411494
1.451433
1.367691
1.450145
1.416648
1.452721
1.403764
1.438550
1.398611
1.446280
1.415359
1.437261
1.197629
1.446280
1.402476
1.452721
1.173150
1.433396
1.407629
1.448856
1.375421
1.451433
1.414071
1.450145
1.423089
1.452721
1.385727
1.446280
1.432108
1.439838
1.357384
1.455298
1.405053
1.456587
1.352230
1.434685
1.359960
1.452721
1.401188
1.446280
1.406341
1.450145
1.349654
1.448856
1.392169
1.454010
1.425666
1.448856
1.399899
1.452721
1.421801
1.432108
1.396034
1.451433
1.451433
1.451433
1.385727
1.447568
1.384439
1.446280
1.420513
1.451433
1.441126
1.451433
1.437261
1.452721
1.393457
1.451433
1.401188
1.447568
1.375421
1.441126
1.437261
1.447568
1.383151
1.451433
1.387016
1.451433
1.419224
1.444991
1.394746
1.452721
1.384439
1.455298
1.394746
1.451433
1.264623
1.438550
1.383151
1.444991
1.402476
1.446280
1.417936
1.448856
1.403764
1.450145
1.403764
1.450145
1.368979
1.454010
1.384439
1.447568
1.423089
1.446280
1.407629
1.446280
1.390881
1.450145
1.408918
1.443703
1.396034
1.452721
1.410206
1.457875
1.394746
1.448856
1.447568
1.455298
1.421801
1.442415
1.428243
1.442415
1.411494
1.446280
1.368979
1.446280
1.388304
1.448856
1.419224
1.450145
1.410206
1.443703
1.434685
1.423089
1.437261
1.448856
1.441126
1.447568
1.425666
1.447568
1.406341
1.452721
1.403764
1.450145
1.441126
1.455298
1.403764
1.451433
1.130635
1.446280
1.397323
1.444991
1.446280
1.448856
1.403764
1.438550
1.376709
1.429531
1.381862
1.456587
1.398611
1.455298
1.439838
1.451433
1.423089
1.444991
1.392169
1.444991
1.415359
1.442415
1.421801
1.443703
1.410206
1.437261
1.439838
1.441126
1.447568
1.447568
1.269776
1.450145
1.443703
1.457875
1.428243
1.454010
1.421801
1.454010
1.432108
1.448856
1.438550
1.451433
1.424378
1.444991
1.443703
1.446280
1.415359
1.448856
1.388304
1.447568
1.433396
1.450145
1.374132
1.448856
1.401188
1.444991
1.403764
1.446280
1.446280
1.446280
1.408918
1.446280
1.429531
1.447568
1.416648
1.447568
1.419224
1.441126
1.410206
1.443703
1.222107
1.447568
1.417936
1.448856
1.435973
1.451433
1.428243
1.450145
1.425666
1.443703
1.451433
1.444991
1.417936
1.448856
1.398611
1.448856
1.415359
1.443703
1.416648
1.446280
1.455298
1.448856
1.430820
1.446280
1.441126
1.448856
1.268488
1.450145
1.428243
1.447568
1.457875
1.454010
1.434685
1.454010
1.433396
1.448856
1.443703
1.446280
1.420513
1.446280
1.450145
1.446280
1.446280
1.447568
1.411494
1.452721
1.460452
1.452721
1.429531
1.451433
1.442415
1.444991
1.420513
1.441126
1.426955
1.438550
1.376709
1.439838
1.439838
1.442415
1.448856
1.443703
1.451433
1.450145
1.407629
1.448856
1.406341
1.441126
1.403764
1.441126
1.428243
1.446280
1.392169
1.444991
1.423089
1.447568
1.387016
1.443703
1.397323
1.437261
1.429531
1.438550
1.412783
1.447568
1.455298
1.448856
1.426955
1.451433
1.447568
1.447568
1.370267
1.450145
1.415359
1.450145
1.416648
1.447568
1.424378
1.447568
1.425666
1.450145
1.441126
1.448856
1.410206
1.451433
1.437261
1.443703
1.415359
1.441126
1.370267
1.442415
1.424378
1.446280
1.425666
1.448856
1.401188
1.447568
1.426955
1.446280
1.444991
1.444991
1.443703
1.447568
1.366402
1.443703
1.457875
1.443703
1.450145
1.442415
1.448856
1.443703
1.376709
1.435973
1.463028
1.448856
1.441126
1.450145
1.411494
1.448856
1.454010
1.446280
1.405053
1.442415
1.362537
1.444991
1.429531
1.447568
1.444991
1.448856
1.432108
1.446280
1.454010
1.447568
1.401188
1.441126
1.438550
1.447568
1.432108
1.447568
1.417936
1.448856
1.412783
1.448856
1.415359
1.442415
1.454010
1.441126
1.451433
1.441126
1.438550
1.442415
1.443703
1.434685
1.451433
1.450145
1.429531
1.444991
1.447568
1.443703
1.465605
1.446280
1.430820
1.435973
1.456587
1.443703
1.437261
1.448856
1.463028
1.450145
1.432108
1.444991
1.460452
1.446280
1.397323
1.435973
1.448856
1.448856
1.454010
1.452721
1.370267
1.444991
1.457875
1.441126
1.457875
1.444991
1.452721
1.439838
1.434685
1.443703
1.423089
1.435973
1.432108
1.435973
1.457875
1.442415
1.424378
1.443703
1.454010
1.443703
1.450145
1.446280
1.441126
1.443703
1.457875
1.443703
1.450145
1.444991
1.450145
1.448856
1.439838
1.446280
1.442415
1.447568
1.452721
1.446280
1.439838
1.444991
1.452721
1.444991
1.455298
1.444991
1.442415
1.443703
1.459163
1.443703
1.465605
1.443703
1.454010
1.447568
1.475912
1.450145
1.459163
1.448856
1.469470
1.442415
1.455298
1.444991
1.443703
1.441126
1.448856
1.437261
1.457875
1.442415
1.439838
1.441126
1.434685
1.439838
1.439838
1.441126
1.446280
1.441126
1.461740
1.442415
1.443703
1.439838
1.459163
1.441126
1.465605
1.446280
1.454010
1.450145
1.463028
1.443703
1.433396
1.444991
1.448856
1.443703
1.444991
1.446280
1.469470
1.448856
1.456587
1.443703
1.435973
1.444991
1.469470
1.443703
1.443703
1.437261
1.428243
1.441126
1.410206
1.442415
1.454010
1.444991
1.447568
1.443703
1.461740
1.443703
1.457875
1.434685
1.399899
1.441126
1.461740
1.442415
1.452721
1.443703
1.435973
1.443703
1.435973
1.444991
1.441126
1.442415
1.464317
1.443703
1.407629
1.446280
1.423089
1.441126
1.463028
1.441126
1.441126
1.438550
1.433396
1.437261
1.428243
1.437261
1.459163
1.437261
1.452721
1.438550
1.459163
1.438550
1.448856
1.441126
1.443703
1.450145
1.457875
1.451433
1.455298
1.446280
1.468182
1.439838
1.465605
1.439838
1.438550
1.442415
1.470758
1.447568
1.455298
1.442415
1.461740
1.441126
1.432108
1.441126
1.461740
1.444991
1.472047
1.444991
1.470758
1.447568
1.447568
1.439838
1.457875
1.441126
1.443703
1.442415
1.464317
1.437261
1.456587
1.442415
1.459163
1.442415
1.447568
1.444991
1.470758
1.444991
1.457875
1.446280
1.470758
1.446280
1.465605
1.442415
1.454010
1.438550
1.459163
1.437261
1.464317
1.439838
1.450145
1.442415
1.452721
1.442415
1.420513
1.443703
1.442415
1.442415
1.432108
1.439838
1.439838
1.439838
1.457875
1.443703
1.423089
1.442415
1.442415
1.442415
1.468182
1.443703
1.421801
1.446280
1.419224
1.442415
1.448856
1.439838
1.464317
1.442415
1.454010
1.439838
1.442415
1.437261
1.451433
1.437261
1.464317
1.438550
1.456587
1.438550
1.466893
1.442415
1.461740
1.441126
1.474623
1.448856
1.457875
1.452721
1.424378
1.451433
1.464317
1.446280
1.428243
1.442415
1.464317
1.435973
1.439838
1.441126
1.439838
1.439838
1.460452
1.441126
1.465605
1.441126
1.435973
1.439838
1.463028
1.437261
1.466893
1.437261
1.446280
1.437261
1.452721
1.441126
1.468182
1.438550
1.435973
1.435973
1.461740
1.442415
1.468182
1.444991
1.473335
1.439838
1.454010
1.435973
1.450145
1.437261
1.447568
1.437261
1.470758
1.443703
1.455298
1.442415
1.470758
1.444991
1.452721
1.439838
1.473335
1.443703
1.463028
1.446280
1.463028
1.442415
1.435973
1.443703
1.460452
1.434685
1.454010
1.437261
1.465605
1.439838
1.466893
1.437261
1.450145
1.441126
1.464317
1.441126
1.464317
1.435973
1.463028
1.430820
1.456587
1.437261
1.461740
1.439838
1.473335
1.444991
1.465605
1.442415
1.454010
1.441126
1.450145
1.439838
1.464317
1.441126
1.477200
1.441126
1.463028
1.438550
1.448856
1.435973
1.465605
1.437261
1.459163
1.437261
1.473335
1.437261
1.460452
1.438550
1.470758
1.438550
1.442415
1.438550
1.456587
1.441126
1.466893
1.450145
1.483642
1.450145
1.475912
1.444991
1.469470
1.441126
1.430820
1.438550
1.468182
1.439838
1.475912
1.438550
1.424378
1.434685
1.459163
1.432108
1.472047
1.438550
1.468182
1.437261
1.477200
1.441126
1.464317
1.439838
1.468182
1.439838
1.457875
1.442415
1.464317
1.442415
1.477200
1.442415
1.473335
1.437261
1.469470
1.438550
1.392169
1.438550
1.469470
1.434685
1.470758
1.435973
1.472047
1.439838
1.470758
1.433396
1.466893
1.434685
1.468182
1.438550
1.472047
1.438550
1.475912
1.439838
1.473335
1.441126
1.475912
1.443703
1.475912
1.443703
1.475912
1.439838
1.478488
1.438550
1.478488
1.443703
1.481065
1.442415
1.477200
1.443703
1.425666
1.439838
1.478488
1.439838
1.475912
1.442415
1.474623
1.439838
1.475912
1.442415
1.475912
1.437261
1.477200
1.437261
1.479777
1.438550
1.477200
1.439838
1.472047
1.439838
1.477200
1.439838
1.475912
1.437261
1.477200
1.439838
1.475912
1.438550
1.481065
1.443703
1.482353
1.438550
1.469470
1.430820
1.468182
1.433396
1.473335
1.435973
1.473335
1.433396
1.473335
1.435973
1.468182
1.435973
1.477200
1.438550
1.477200
1.441126
1.478488
1.442415
1.474623
1.438550
1.477200
1.441126
1.478488
1.442415
1.478488
1.442415
1.482353
1.446280
1.481065
1.439838
1.478488
1.437261
1.474623
1.438550
1.472047
1.434685
1.473335
1.432108
1.469470
1.437261
1.473335
1.432108
1.469470
1.433396
1.472047
1.433396
1.474623
1.441126
1.483642
1.441126
1.473335
1.434685
1.469470
1.426955
1.465605
1.430820
1.470758
1.433396
1.473335
1.437261
1.474623
1.441126
1.478488
1.438550
1.479777
1.435973
1.478488
1.433396
1.475912
1.439838
1.474623
1.437261
1.477200
1.439838
1.478488
1.438550
1.479777
1.439838
1.478488
1.439838
1.475912
1.441126
1.475912
1.437261
1.477200
1.442415
1.482353
1.444991
1.483642
1.443703
1.482353
1.446280
1.484930
1.446280
1.484930
1.446280
1.482353
1.437261
1.475912
1.432108
1.468182
1.432108
1.470758
1.433396
1.469470
1.432108
1.469470
1.432108
1.463028
1.437261
1.470758
1.435973
1.473335
1.438550
1.473335
1.435973
1.470758
1.432108
1.470758
1.433396
1.473335
1.433396
1.468182
1.432108
1.472047
1.439838
1.468182
1.437261
1.472047
1.435973
1.472047
1.437261
1.477200
1.438550
1.475912
1.439838
1.474623
1.437261
1.473335
1.437261
1.473335
1.434685
1.472047
1.438550
1.474623
1.437261
1.475912
1.439838
1.477200
1.441126
1.475912
1.434685
1.466893
1.433396
1.470758
1.435973
1.473335
1.435973
1.475912
1.439838
1.475912
1.437261
1.475912
1.435973
1.470758
1.434685
1.470758
1.433396
1.470758
1.435973
1.469470
1.435973
1.466893
1.433396
1.470758
1.430820
1.469470
1.437261
1.473335
1.432108
1.469470
1.432108
1.469470
1.437261
1.472047
1.432108
1.464317
1.429531
1.461740
1.426955
1.465605
1.433396
1.468182
1.437261
1.469470
1.432108
1.469470
1.435973
1.473335
1.441126
1.474623
1.442415
1.475912
1.439838
1.469470
1.434685
1.468182
1.437261
1.473335
1.442415
1.472047
1.438550
1.470758
1.433396
1.466893
1.437261
1.469470
1.437261
1.474623
1.439838
1.470758
1.434685
1.466893
1.435973
1.470758
1.441126
1.469470
1.441126
1.470758
1.433396
1.463028
1.430820
1.464317
1.426955
1.460452
1.432108
1.465605
1.433396
1.469470
1.434685
1.463028
1.432108
1.460452
1.433396
1.466893
1.434685
1.464317
1.432108
1.465605
1.434685
1.464317
1.432108
1.464317
1.434685
1.466893
1.435973
1.464317
1.435973
1.466893
1.438550
1.468182
1.441126
1.470758
1.439838
1.469470
1.434685
1.464317
1.430820
1.463028
1.429531
1.466893
1.433396
1.464317
1.438550
1.466893
1.433396
1.464317
1.438550
1.464317
1.433396
1.464317
1.434685
1.465605
1.435973
1.463028
1.433396
1.461740
1.433396
1.465605
1.438550
1.465605
1.434685
1.466893
1.438550
1.466893
1.435973
1.464317
1.435973
1.464317
1.434685
1.456587
1.426955
1.456587
1.426955
1.457875
1.441126
1.465605
1.439838
1.468182
1.435973
1.465605
1.437261
1.465605
1.435973
1.461740
1.430820
1.455298
1.432108
1.459163
1.433396
1.459163
1.430820
1.457875
1.433396
1.463028
1.432108
1.460452
1.429531
1.459163
1.432108
1.457875
1.432108
1.463028
1.439838
1.465605
1.434685
1.460452
1.434685
1.456587
1.428243
1.450145
1.425666
1.454010
1.429531
1.459163
1.439838
1.465605
1.441126
1.464317
1.438550
1.464317
1.439838
1.466893
1.442415
1.461740
1.437261
1.460452
1.434685
1.457875
1.430820
1.454010
1.432108
1.457875
1.435973
1.460452
1.434685
1.459163
1.437261
1.460452
1.435973
1.457875
1.435973
1.459163
1.433396
1.457875
1.438550
1.457875
1.438550
1.460452
1.438550
1.451433
1.435973
1.456587
1.438550
1.460452
1.437261
1.463028
1.438550
