1.509256
1.466654
1.393068
1.372412
1.467945
1.461490
1.396941
1.402105
1.415014
1.442125
1.393068
1.356920
1.340137
1.334974
1.345301
1.351756
1.355629
1.378867
1.409851
1.464072
1.498928
1.510547
1.483437
1.517002
1.572514
1.660301
1.651264
1.555732
1.559605
1.555732
1.584133
1.500219
1.453744
1.358211
1.263969
1.226531
1.313027
1.398232
1.496346
1.575096
1.600916
1.588006
1.560895
1.519584
1.491182
1.520875
1.510547
1.346592
1.276879
1.256224
1.191674
1.168437
1.203293
1.276879
1.360793
1.320773
1.340137
1.344010
1.296244
1.265260
1.174892
1.160691
1.251060
1.318191
1.350465
1.349174
1.265260
1.145199
1.110343
1.101306
1.152945
1.337555
1.514420
1.576387
1.576387
1.577678
1.540240
1.495055
1.535076
1.600916
1.620281
1.638354
1.580260
1.505383
1.448580
1.394359
1.303990
1.220076
1.305281
1.358211
1.367248
1.404687
1.395650
1.371121
1.394359
1.378867
1.319482
1.347883
1.430506
1.449871
1.458908
1.421469
1.381449
1.377576
1.372412
1.313027
1.232986
1.285916
1.351756
1.412432
1.519584
1.637063
1.664174
1.585424
1.520875
1.434379
1.435670
1.438252
1.433088
1.398232
1.391777
1.302699
1.159400
1.056121
1.036757
1.010937
0.988990
1.022556
1.093560
1.211039
1.364666
1.384031
1.374994
1.285916
1.230404
1.274297
1.371121
1.496346
1.607371
1.705486
1.766162
1.671920
1.585424
1.576387
1.604789
1.682248
1.693867
1.660301
1.598334
1.546695
1.520875
1.529912
1.558314
1.573805
1.509256
1.445998
1.417596
1.394359
1.405978
1.398232
1.400814
1.323355
1.297535
1.367248
1.473109
1.524748
1.559605
1.536367
1.506674
1.562186
1.625445
1.593170
1.465363
1.274297
1.202002
1.039338
0.958007
0.963170
0.990281
0.979953
1.038047
1.130998
1.292371
1.442125
1.569932
1.603498
1.582842
1.546695
1.497637
1.449871
1.541531
1.550568
1.439543
1.331101
1.280752
1.191674
1.254933
1.350465
1.391777
1.389195
1.358211
1.327228
1.328519
1.449871
1.523457
1.502801
1.478273
1.513129
1.559605
1.528621
1.563477
1.469236
1.438252
1.415014
1.411141
1.409851
1.395650
1.287207
1.174892
1.119379
1.164564
1.207166
1.180056
1.115506
1.076777
1.018683
1.061285
1.062576
1.133580
1.160691
1.262678
1.350465
1.440834
1.482146
1.474400
1.495055
1.496346
1.484728
1.418887
1.371121
1.466654
1.535076
1.572514
1.705486
1.664174
1.616408
1.455035
1.306572
1.273006
1.265260
1.289789
1.302699
1.306572
1.274297
1.371121
1.407269
1.404687
1.443416
1.502801
1.562186
1.576387
1.572514
1.529912
1.518293
1.368539
1.249769
1.180056
1.172310
1.216203
1.258806
1.258806
1.239441
1.292371
1.359502
1.464072
1.578969
1.613826
1.564768
1.546695
1.533785
1.541531
1.470527
1.386613
1.334974
1.303990
1.263969
1.262678
1.289789
1.404687
1.568641
1.750670
1.749379
1.704195
1.648682
1.613826
1.538949
1.507965
1.439543
1.356920
1.378867
1.442125
1.409851
1.355629
1.316900
1.278170
1.316900
1.305281
1.280752
1.225240
1.181347
1.282043
1.342719
1.381449
1.473109
1.517002
1.584133
1.628027
1.618990
1.609953
1.616408
1.578969
1.603498
1.609953
1.554441
1.457617
1.367248
1.374994
1.311736
1.291080
1.218785
1.213621
1.238150
1.283334
1.302699
1.367248
1.344010
1.244605
1.069031
0.865056
0.792761
0.871511
1.053539
1.138744
1.221367
1.256224
1.305281
1.291080
1.344010
1.438252
1.554441
1.551859
1.541531
1.559605
1.642227
1.606080
1.606080
1.626736
1.537658
1.439543
1.403396
1.400814
1.386613
1.301408
1.266551
1.254933
1.243314
1.275588
1.382740
1.434379
1.395650
1.336264
1.294953
1.345301
1.404687
1.433088
1.451162
1.519584
1.563477
1.509256
1.340137
1.208457
1.192965
1.266551
1.311736
1.358211
1.390486
1.371121
1.282043
1.274297
1.359502
1.367248
1.356920
1.399523
1.465363
1.504092
1.507965
1.486018
1.510547
1.558314
1.535076
1.475691
1.374994
1.315609
1.324646
1.373703
1.399523
1.434379
1.399523
1.436961
1.462781
1.528621
1.647391
1.691285
1.713231
1.665465
1.501510
1.279461
1.214912
1.169728
1.186511
1.185220
1.198129
1.183929
1.187801
1.180056
1.142617
1.146490
1.161982
1.211039
1.227822
1.271715
1.296244
1.287207
1.318191
1.443416
1.509256
1.553150
1.540240
1.581551
1.620281
1.642227
1.585424
1.537658
1.476982
1.373703
1.328519
1.337555
1.345301
1.342719
1.314318
1.413723
1.526039
1.620281
1.661592
1.673211
1.655137
1.590588
1.571223
1.514420
1.451162
1.390486
1.341428
1.341428
1.302699
1.282043
1.287207
1.309154
1.340137
1.359502
1.376285
1.380158
1.377576
1.331101
1.305281
1.389195
1.369830
1.260097
1.154236
1.178765
1.274297
1.311736
1.399523
1.417596
1.380158
1.267842
1.159400
1.174892
1.279461
1.372412
1.331101
1.253642
1.218785
1.238150
1.263969
1.376285
1.443416
1.506674
1.656428
1.859112
1.937862
1.868149
1.735178
1.624154
1.526039
1.510547
1.524748
1.569932
1.555732
1.533785
1.478273
1.433088
1.395650
1.359502
1.269133
1.222658
1.208457
1.200711
1.200711
1.163273
1.181347
1.247187
1.365957
1.435670
1.426633
1.399523
1.405978
1.440834
1.455035
1.464072
1.434379
1.363375
1.316900
1.288498
1.270424
1.154236
1.080650
1.183929
1.300117
1.491182
1.600916
1.537658
1.466654
1.426633
1.341428
1.240732
1.138744
1.137453
1.192965
1.253642
1.202002
1.244605
1.334974
1.385322
1.386613
1.358211
1.467945
1.559605
1.625445
1.578969
1.523457
1.514420
1.504092
1.493764
1.520875
1.526039
1.425342
1.408560
1.390486
1.349174
1.376285
1.358211
1.365957
1.424051
1.444707
1.465363
1.527330
1.580260
1.613826
1.642227
1.638354
1.600916
1.452453
1.336264
1.349174
1.319482
1.279461
1.307863
1.311736
1.266551
1.216203
1.180056
1.202002
1.344010
1.389195
1.407269
1.372412
1.324646
1.302699
1.266551
1.203293
1.202002
1.171019
1.294953
1.396941
1.405978
1.407269
1.413723
1.412432
1.372412
1.338846
1.360793
1.527330
1.652555
1.662883
1.646100
1.611244
1.602207
1.588006
1.590588
1.567350
1.524748
1.532494
1.529912
1.396941
1.284625
1.247187
1.218785
1.164564
1.159400
1.207166
1.252351
1.235568
1.260097
1.279461
1.367248
1.347883
1.382740
1.421469
1.435670
1.390486
1.338846
1.338846
1.350465
1.456326
1.500219
1.505383
1.471818
1.479564
1.464072
1.399523
1.332392
1.338846
1.373703
1.451162
1.430506
1.386613
1.393068
1.433088
1.377576
1.300117
1.217494
1.243314
1.323355
1.402105
1.491182
1.456326
1.350465
1.340137
1.313027
1.248478
1.245896
1.306572
1.369830
1.480855
1.557023
1.563477
1.520875
1.469236
1.449871
1.476982
1.553150
1.584133
1.544113
1.424051
1.353047
1.306572
1.319482
1.303990
1.282043
1.303990
1.371121
1.403396
1.382740
1.374994
1.393068
1.399523
1.422760
1.478273
1.559605
1.567350
1.487309
1.416305
1.409851
1.333683
1.374994
1.368539
1.338846
1.266551
1.266551
1.292371
1.355629
1.349174
1.344010
1.395650
1.398232
1.349174
1.364666
1.376285
1.269133
1.238150
1.211039
1.226531
1.209748
1.176183
1.226531
1.283334
1.300117
1.409851
1.502801
1.560895
1.575096
1.536367
1.541531
1.430506
1.327228
1.285916
1.220076
1.177474
1.185220
1.160691
1.191674
1.291080
1.380158
1.465363
1.541531
1.562186
1.513129
1.493764
1.515711
1.580260
1.589297
1.607371
1.718395
1.759707
1.749379
1.638354
1.593170
1.563477
1.522166
1.408560
1.362084
1.332392
1.248478
1.240732
1.194256
1.137453
1.169728
1.278170
1.389195
1.447289
1.436961
1.453744
1.447289
1.482146
1.496346
1.474400
1.402105
1.340137
1.274297
1.260097
1.249769
1.310445
1.350465
1.306572
1.362084
1.381449
1.358211
1.380158
1.382740
1.354338
1.362084
1.384031
1.338846
1.364666
1.416305
1.573805
1.659010
1.669338
1.644809
1.584133
1.572514
1.541531
1.536367
1.524748
1.479564
1.433088
1.319482
1.318191
1.293662
1.192965
1.149072
1.132289
1.176183
1.248478
1.257515
1.350465
1.426633
1.409851
1.433088
1.438252
1.344010
1.282043
1.298826
1.320773
1.424051
1.482146
1.464072
1.426633
1.476982
1.519584
1.442125
1.350465
1.274297
1.235568
1.245896
1.221367
1.254933
1.291080
1.314318
1.369830
1.455035
1.545404
1.487309
1.434379
1.467945
1.535076
1.550568
1.528621
1.431797
1.345301
1.248478
1.223949
1.211039
1.208457
1.311736
1.427924
1.492473
1.492473
1.444707
1.418887
1.453744
1.469236
1.444707
1.416305
1.395650
1.371121
1.358211
1.386613
1.427924
1.405978
1.417596
1.515711
1.500219
1.466654
1.523457
1.510547
1.455035
1.384031
1.323355
1.307863
1.316900
1.341428
1.338846
1.303990
1.303990
1.303990
1.324646
1.350465
1.394359
1.458908
1.504092
1.495055
1.476982
1.482146
1.439543
1.358211
1.353047
1.393068
1.355629
1.274297
1.160691
1.149072
1.134871
1.146490
1.220076
1.302699
1.303990
1.287207
1.296244
1.288498
1.313027
1.387904
1.420178
1.393068
1.400814
1.474400
1.538949
1.560895
1.509256
1.514420
1.493764
1.493764
1.538949
1.563477
1.507965
1.430506
1.455035
1.466654
1.451162
1.482146
1.504092
1.492473
1.495055
1.523457
1.547986
1.585424
1.640936
1.622863
1.542822
1.518293
1.413723
1.283334
1.200711
1.212330
1.305281
1.373703
1.456326
1.486018
1.344010
1.212330
1.127125
1.087105
1.111634
1.174892
1.168437
1.146490
1.199420
1.226531
1.274297
1.240732
1.261388
1.373703
1.487309
1.566059
1.555732
1.426633
1.363375
1.386613
1.466654
1.594461
1.651264
1.639645
1.687412
1.674502
1.566059
1.464072
1.350465
1.347883
1.351756
1.270424
1.220076
1.273006
1.377576
1.418887
1.457617
1.483437
1.498928
1.427924
1.300117
1.230404
1.300117
1.440834
1.491182
1.522166
1.546695
1.496346
1.420178
1.434379
1.493764
1.535076
1.560895
1.509256
1.444707
1.435670
1.417596
1.351756
1.316900
1.275588
1.266551
1.253642
1.242023
1.271715
1.285916
1.243314
1.165855
1.164564
1.263969
1.338846
1.389195
1.382740
1.407269
1.416305
1.447289
1.399523
1.274297
1.280752
1.351756
1.440834
1.479564
1.445998
1.409851
1.449871
1.387904
1.289789
1.216203
1.204584
1.220076
1.223949
1.359502
1.511838
1.606080
1.625445
1.673211
1.762289
1.793272
1.744215
1.697740
1.532494
1.341428
1.195547
1.071613
1.004482
1.030302
0.987699
0.907658
0.897330
0.881839
0.892166
0.986408
1.089687
1.159400
1.266551
1.301408
1.333683
1.365957
1.482146
1.666756
1.811346
1.918498
1.995957
1.915916
1.674502
1.493764
1.384031
1.385322
1.537658
1.612535
1.595752
1.567350
1.506674
1.404687
1.346592
1.346592
1.301408
1.226531
1.111634
1.061285
1.040629
1.062576
1.164564
1.329810
1.435670
1.424051
1.399523
1.396941
1.394359
1.417596
1.442125
1.480855
1.492473
1.524748
1.537658
1.528621
1.456326
1.408560
1.488600
1.504092
1.519584
1.487309
1.478273
1.474400
1.498928
1.498928
1.509256
1.511838
1.443416
1.344010
1.261388
1.211039
1.232986
1.260097
1.222658
1.251060
1.296244
1.369830
1.413723
1.461490
1.439543
1.456326
1.473109
1.421469
1.393068
1.436961
1.425342
1.396941
1.329810
1.342719
1.430506
1.497637
1.480855
1.462781
1.509256
1.489891
1.531203
1.519584
1.413723
1.329810
1.363375
1.429215
1.447289
1.483437
1.480855
1.448580
1.424051
1.398232
1.378867
1.440834
1.475691
1.458908
1.429215
1.363375
1.271715
1.172310
1.142617
1.150363
1.150363
1.194256
1.291080
1.390486
1.495055
1.544113
1.517002
1.569932
1.626736
1.573805
1.473109
1.390486
1.387904
1.418887
1.382740
1.372412
1.320773
1.315609
1.310445
1.305281
1.344010
1.325937
1.315609
1.300117
1.257515
1.257515
1.307863
1.354338
1.444707
1.496346
1.520875
1.506674
1.523457
1.549277
1.509256
1.572514
1.661592
1.804891
1.985629
2.017903
1.913334
1.710649
1.479564
1.285916
1.161982
1.066449
0.990281
0.967043
0.939933
0.927023
0.923150
0.899912
0.905076
0.908949
1.013519
1.123252
1.160691
1.293662
1.359502
1.362084
1.403396
1.547986
1.701613
1.768744
1.759707
1.739051
1.675793
1.535076
1.420178
1.443416
1.482146
1.430506
1.346592
1.315609
1.314318
1.320773
1.362084
1.386613
1.380158
1.377576
1.236859
1.133580
1.010937
0.942515
1.001900
1.098724
1.118088
1.195547
1.252351
1.324646
1.443416
1.475691
1.478273
1.572514
1.701613
1.789399
1.830711
1.793272
1.717104
1.706777
1.695158
1.603498
1.510547
1.439543
1.342719
1.238150
1.207166
1.204584
1.134871
1.127125
1.154236
1.125834
1.036757
1.127125
1.254933
1.376285
1.473109
1.535076
1.588006
1.612535
1.640936
1.655137
1.633191
1.609953
1.578969
1.557023
1.519584
1.470527
1.412432
1.333683
1.305281
1.328519
1.371121
1.527330
1.620281
1.727432
1.718395
1.662883
1.531203
1.389195
1.322064
1.223949
1.106470
1.038047
1.044502
1.074195
1.159400
1.238150
1.334974
1.431797
1.466654
1.496346
1.497637
1.489891
1.408560
1.373703
1.360793
1.257515
1.245896
1.238150
1.273006
1.346592
1.400814
1.442125
1.447289
1.402105
1.395650
1.329810
1.279461
1.315609
1.309154
1.289789
1.192965
1.115506
1.136162
1.266551
1.334974
1.363375
1.386613
1.427924
1.507965
1.607371
1.674502
1.733887
1.683539
1.660301
1.655137
1.665465
1.595752
1.573805
1.538949
1.515711
1.469236
1.460199
1.465363
1.498928
1.452453
1.458908
1.393068
1.269133
1.266551
1.333683
1.460199
1.509256
1.541531
1.473109
1.440834
1.349174
1.305281
1.296244
1.247187
1.258806
1.340137
1.364666
1.416305
1.384031
1.359502
1.257515
1.248478
1.340137
1.374994
1.305281
1.211039
1.217494
1.261388
1.389195
1.420178
1.465363
1.462781
1.420178
1.517002
1.544113
1.487309
1.303990
1.105179
1.069031
1.035466
1.129707
1.266551
1.411141
1.591879
1.670629
1.662883
1.575096
1.466654
1.362084
1.278170
1.156818
1.199420
1.298826
1.381449
1.387904
1.429215
1.504092
1.504092
1.461490
1.413723
1.404687
1.303990
1.240732
1.258806
1.232986
1.298826
1.365957
1.443416
1.510547
1.582842
1.700322
1.766162
1.718395
1.745506
1.722268
1.653846
1.564768
1.470527
1.349174
1.182638
1.136162
1.164564
1.280752
1.377576
1.385322
1.358211
1.319482
1.313027
1.236859
1.243314
1.306572
1.305281
1.413723
1.515711
1.475691
1.363375
1.172310
1.093560
1.041920
1.084523
1.053539
1.075486
1.138744
1.227822
1.340137
1.489891
1.573805
1.554441
1.529912
1.527330
1.597043
1.612535
1.616408
1.621572
1.514420
1.435670
1.367248
1.325937
1.340137
1.363375
1.355629
1.303990
1.363375
1.427924
1.489891
1.497637
1.467945
1.384031
1.253642
1.174892
1.152945
1.284625
1.501510
1.657719
1.739051
1.754543
1.763580
1.731305
1.673211
1.576387
1.451162
1.344010
1.177474
1.079359
1.103888
1.132289
1.182638
1.189092
1.211039
1.285916
1.347883
1.374994
1.372412
1.296244
1.296244
1.334974
1.328519
1.300117
1.279461
1.289789
1.412432
1.470527
1.451162
1.478273
1.528621
1.553150
1.584133
1.557023
1.569932
1.590588
1.553150
1.558314
1.586715
1.562186
1.529912
1.466654
1.314318
1.110343
1.062576
1.054830
1.063867
1.110343
1.115506
1.160691
1.111634
1.106470
1.158109
1.222658
1.285916
1.413723
1.469236
1.467945
1.349174
1.253642
1.216203
1.253642
1.384031
1.500219
1.475691
1.398232
1.408560
1.491182
1.598334
1.679666
1.674502
1.730014
1.749379
1.744215
1.665465
1.609953
1.514420
1.422760
1.417596
1.478273
1.488600
1.393068
1.324646
1.310445
1.377576
1.445998
1.470527
1.407269
1.266551
1.147781
1.136162
1.080650
1.084523
1.235568
1.291080
1.350465
1.416305
1.451162
1.489891
1.584133
1.598334
1.551859
1.444707
1.380158
1.354338
1.301408
1.349174
1.457617
1.617699
1.717104
1.784235
1.780363
1.733887
1.607371
1.497637
1.440834
1.435670
1.443416
1.426633
1.322064
1.276879
1.232986
1.279461
1.294953
1.261388
1.223949
1.173601
1.229113
1.274297
1.252351
1.244605
1.270424
1.327228
1.356920
1.413723
1.496346
1.555732
1.576387
1.532494
1.562186
1.541531
1.483437
1.408560
1.306572
1.231695
1.198129
1.154236
1.125834
1.096142
1.101306
1.109052
1.074195
1.013519
1.125834
1.160691
1.167146
1.262678
1.284625
1.297535
1.309154
1.291080
1.296244
1.287207
1.329810
1.362084
1.425342
1.514420
1.580260
1.611244
1.568641
1.538949
1.470527
1.415014
1.363375
1.363375
1.314318
1.230404
1.169728
1.202002
1.334974
1.540240
1.674502
1.688703
1.582842
1.527330
1.528621
1.420178
1.376285
1.347883
1.329810
1.254933
1.222658
1.319482
1.373703
1.497637
1.585424
1.571223
1.517002
1.495055
1.537658
1.458908
1.443416
1.475691
1.564768
1.652555
1.689994
1.678375
1.637063
1.593170
1.602207
1.659010
1.692576
1.637063
1.549277
1.487309
1.453744
1.245896
1.103888
1.121961
1.199420
1.316900
1.387904
1.394359
1.431797
1.420178
1.404687
1.369830
1.261388
1.176183
1.120670
1.156818
1.195547
1.267842
1.280752
1.226531
1.238150
1.208457
1.187801
1.190383
1.287207
1.382740
1.413723
1.456326
1.560895
1.611244
1.607371
1.523457
1.394359
1.310445
1.360793
1.431797
1.461490
1.515711
1.575096
1.655137
1.724850
1.642227
1.550568
1.479564
1.351756
1.323355
1.297535
1.231695
1.275588
1.316900
1.313027
1.267842
1.196838
1.239441
1.287207
1.274297
1.183929
1.173601
1.156818
1.136162
1.181347
1.260097
1.358211
1.399523
1.445998
1.409851
1.421469
1.440834
1.436961
1.384031
1.309154
1.232986
1.160691
1.107761
1.169728
1.225240
1.332392
1.444707
1.443416
1.493764
1.649973
1.737760
1.793272
1.844912
1.922371
1.981756
1.897842
1.704195
1.527330
1.351756
1.218785
1.173601
1.183929
1.254933
1.399523
1.451162
1.387904
1.374994
1.411141
1.417596
1.374994
1.345301
1.347883
1.323355
1.267842
1.368539
1.427924
1.471818
1.511838
1.510547
1.399523
1.287207
1.165855
1.154236
1.243314
1.393068
1.555732
1.630609
1.615117
1.478273
1.340137
1.164564
1.112924
1.220076
1.356920
1.417596
1.460199
1.507965
1.563477
1.597043
1.568641
1.393068
1.278170
1.234277
1.223949
1.258806
1.244605
1.273006
1.307863
1.338846
1.300117
1.270424
1.240732
1.212330
1.158109
1.103888
1.151654
1.262678
1.430506
1.673211
1.875895
1.974010
1.974010
1.841039
1.664174
1.492473
1.309154
1.267842
1.293662
1.334974
1.403396
1.455035
1.473109
1.484728
1.384031
1.280752
1.195547
1.097433
1.021265
1.016101
1.050957
1.200711
1.316900
1.433088
1.577678
1.554441
1.511838
1.447289
1.429215
1.399523
1.415014
1.399523
1.393068
1.409851
1.372412
1.336264
1.276879
1.203293
1.158109
1.141326
1.134871
1.238150
1.293662
1.338846
1.385322
1.373703
1.373703
1.393068
1.349174
1.283334
1.271715
1.425342
1.522166
1.586715
1.550568
1.465363
1.438252
1.430506
1.376285
1.293662
1.283334
1.287207
1.404687
1.545404
1.602207
1.589297
1.571223
1.599625
1.639645
1.533785
1.478273
1.479564
1.497637
1.546695
1.568641
1.590588
1.626736
1.558314
1.526039
1.616408
1.709358
1.742924
1.728723
1.706777
1.608662
1.553150
1.476982
1.385322
1.297535
1.234277
1.225240
1.187801
1.182638
1.213621
1.203293
1.112924
1.067740
1.041920
1.034175
1.030302
1.069031
1.075486
1.169728
1.356920
1.486018
1.501510
1.444707
1.479564
1.449871
1.443416
1.484728
1.532494
1.554441
1.533785
1.475691
1.412432
1.429215
1.479564
1.492473
1.532494
1.526039
1.497637
1.443416
1.372412
1.359502
1.403396
1.354338
1.364666
1.325937
1.289789
1.199420
1.169728
1.174892
1.142617
1.202002
1.269133
1.280752
1.209748
1.310445
1.398232
1.398232
1.497637
1.575096
1.507965
1.424051
1.349174
1.263969
1.220076
1.257515
1.236859
1.297535
1.332392
1.377576
1.413723
1.549277
1.628027
1.593170
1.527330
1.453744
1.373703
1.336264
1.327228
1.358211
1.344010
1.369830
1.439543
1.538949
1.597043
1.649973
1.649973
1.566059
1.475691
1.442125
1.473109
1.526039
1.557023
1.609953
1.549277
1.444707
1.403396
1.382740
1.358211
1.291080
1.231695
1.173601
1.147781
1.143908
1.217494
1.222658
1.205875
1.217494
1.171019
1.143908
1.221367
1.364666
1.344010
1.385322
1.511838
1.673211
1.771326
1.710649
1.671920
1.661592
1.651264
1.591879
1.501510
1.496346
1.489891
1.427924
1.393068
1.378867
1.309154
1.136162
1.169728
1.208457
1.266551
1.334974
1.363375
1.393068
1.458908
1.515711
1.470527
1.402105
1.305281
1.332392
1.411141
1.451162
1.517002
1.514420
1.439543
1.349174
1.356920
1.380158
1.327228
1.261388
1.203293
1.194256
1.169728
1.145199
1.154236
1.199420
1.249769
1.323355
1.310445
1.262678
1.160691
1.136162
1.069031
1.005773
1.044502
1.164564
1.262678
1.389195
1.511838
1.585424
1.616408
1.576387
1.513129
1.444707
1.431797
1.399523
1.473109
1.513129
1.551859
1.558314
1.564768
1.523457
1.504092
1.378867
1.232986
1.159400
1.173601
1.213621
1.349174
1.473109
1.506674
1.471818
1.443416
1.492473
1.471818
1.488600
1.495055
1.474400
1.495055
1.660301
1.820383
1.801018
1.687412
1.622863
1.616408
1.639645
1.624154
1.591879
1.531203
1.442125
1.319482
1.313027
1.365957
1.396941
1.359502
1.303990
1.280752
1.269133
1.303990
1.341428
1.336264
1.282043
1.249769
1.262678
1.269133
1.256224
1.248478
1.235568
1.229113
1.270424
1.275588
1.310445
1.306572
1.256224
1.239441
1.296244
1.367248
1.363375
1.329810
1.323355
1.320773
1.385322
1.425342
1.478273
1.492473
1.492473
1.465363
1.442125
1.329810
1.271715
1.289789
1.364666
1.443416
1.457617
1.458908
1.403396
1.346592
1.327228
1.340137
1.405978
1.505383
1.597043
1.615117
1.609953
1.674502
1.719686
1.713231
1.700322
1.629318
1.510547
1.523457
1.560895
1.535076
1.434379
1.364666
1.263969
1.183929
1.016101
0.888293
0.880548
0.874093
0.951552
1.035466
1.072904
1.125834
1.199420
1.238150
1.342719
1.522166
1.688703
1.801018
1.878477
1.861694
1.789399
1.670629
1.581551
1.589297
1.573805
1.607371
1.607371
1.608662
1.578969
1.501510
1.332392
1.186511
1.106470
1.102597
1.172310
1.205875
1.141326
1.083232
1.016101
1.101306
1.186511
1.337555
1.404687
1.380158
1.319482
1.282043
1.285916
1.315609
1.424051
1.540240
1.564768
1.524748
1.495055
1.493764
1.549277
1.642227
1.659010
1.580260
1.488600
1.517002
1.553150
1.606080
1.629318
1.628027
1.648682
1.664174
1.649973
1.573805
1.443416
1.324646
1.303990
1.195547
1.112924
1.008355
0.893457
0.850855
0.968334
1.149072
1.244605
1.364666
1.445998
1.476982
1.389195
1.360793
1.389195
1.387904
1.399523
1.429215
1.466654
1.484728
1.527330
1.519584
1.496346
1.515711
1.546695
1.466654
1.363375
1.318191
1.319482
1.288498
1.261388
1.351756
1.380158
1.323355
1.340137
1.325937
1.289789
1.267842
1.251060
1.245896
1.263969
1.159400
1.211039
1.333683
1.461490
1.493764
1.484728
1.476982
1.486018
1.489891
1.563477
1.626736
1.606080
1.532494
1.545404
1.575096
1.526039
1.488600
1.422760
1.404687
1.440834
1.464072
1.480855
1.451162
1.453744
1.404687
1.376285
1.364666
1.382740
1.371121
1.403396
1.427924
1.444707
1.431797
1.387904
1.337555
1.287207
1.323355
1.360793
1.371121
1.282043
1.203293
1.220076
1.306572
1.369830
1.416305
1.474400
1.447289
1.345301
1.307863
1.301408
1.320773
1.314318
1.300117
1.320773
1.358211
1.310445
1.262678
1.318191
1.382740
1.395650
1.300117
1.222658
1.265260
1.353047
1.349174
1.399523
1.461490
1.476982
1.416305
1.347883
1.334974
1.355629
1.378867
1.445998
1.489891
1.498928
1.505383
1.487309
1.529912
1.597043
1.580260
1.486018
1.422760
1.402105
1.418887
1.440834
1.431797
1.407269
1.320773
1.232986
1.260097
1.322064
1.378867
1.368539
1.351756
1.309154
1.198129
1.119379
1.125834
1.232986
1.323355
1.418887
1.488600
1.620281
1.742924
1.763580
1.736469
1.701613
1.664174
1.639645
1.590588
1.551859
1.417596
1.359502
1.315609
1.315609
1.332392
1.355629
1.413723
1.497637
1.489891
1.415014
1.363375
1.386613
1.402105
1.363375
1.301408
1.314318
1.324646
1.285916
1.151654
1.103888
1.054830
1.014810
1.004482
1.043211
1.094851
1.192965
1.263969
1.315609
1.384031
1.470527
1.524748
1.517002
1.493764
1.484728
1.467945
1.469236
1.486018
1.496346
1.498928
1.541531
1.584133
1.599625
1.566059
1.582842
1.602207
1.643518
1.600916
1.498928
1.358211
1.402105
1.420178
1.398232
1.314318
1.204584
1.165855
1.256224
1.337555
1.358211
1.395650
1.362084
1.315609
1.231695
1.116797
1.105179
1.194256
1.303990
1.443416
1.591879
1.628027
1.637063
1.702904
1.661592
1.568641
1.424051
1.275588
1.288498
1.421469
1.576387
1.588006
1.537658
1.377576
1.252351
1.218785
1.172310
1.209748
1.256224
1.338846
1.443416
1.457617
1.467945
1.492473
1.493764
1.492473
1.549277
1.436961
1.305281
1.229113
1.220076
1.214912
1.300117
1.349174
1.422760
1.466654
1.444707
1.310445
1.198129
1.182638
1.150363
1.100015
1.109052
1.100015
1.141326
1.229113
1.222658
1.171019
1.178765
1.280752
1.448580
1.554441
1.602207
1.571223
1.505383
1.431797
1.438252
1.431797
1.426633
1.435670
1.483437
1.545404
1.578969
1.546695
1.473109
1.453744
1.470527
1.502801
1.524748
1.591879
1.591879
1.563477
1.598334
1.547986
1.531203
1.520875
1.455035
1.395650
1.439543
1.483437
1.489891
1.519584
1.474400
1.409851
1.310445
1.269133
1.327228
1.325937
1.328519
1.269133
1.231695
1.185220
1.211039
1.279461
1.267842
1.253642
1.262678
1.296244
1.220076
1.128416
1.132289
1.134871
1.110343
1.112924
1.150363
1.186511
1.140035
1.137453
1.284625
1.471818
1.662883
1.688703
1.680957
1.612535
1.492473
1.345301
1.274297
1.249769
1.288498
1.349174
1.386613
1.438252
1.464072
1.496346
1.510547
1.562186
1.560895
1.527330
1.430506
1.362084
1.378867
1.434379
1.462781
1.449871
1.566059
1.699031
1.832002
1.833293
1.711940
1.588006
1.484728
1.354338
1.248478
1.150363
1.142617
1.083232
1.076777
1.200711
1.355629
1.449871
1.478273
1.527330
1.495055
1.471818
1.429215
1.451162
1.469236
1.496346
1.540240
1.533785
1.510547
1.420178
1.322064
1.253642
1.322064
1.340137
1.338846
1.331101
1.372412
1.403396
1.456326
1.531203
1.529912
1.504092
1.495055
1.448580
1.334974
1.350465
1.373703
1.391777
1.400814
1.355629
1.322064
1.378867
1.436961
1.506674
1.625445
1.699031
1.691285
1.600916
1.500219
1.416305
1.380158
1.376285
1.356920
1.258806
1.123252
1.161982
1.251060
1.311736
1.356920
1.368539
1.391777
1.396941
1.412432
1.465363
1.456326
1.396941
1.349174
1.234277
1.136162
1.165855
1.181347
1.217494
1.238150
1.327228
1.422760
1.478273
1.537658
1.638354
1.704195
1.731305
1.726141
1.706777
1.612535
1.501510
1.395650
1.349174
1.298826
1.227822
1.152945
1.105179
1.161982
1.267842
1.384031
1.554441
1.691285
1.688703
1.666756
1.607371
1.566059
1.517002
1.443416
1.355629
1.358211
1.368539
1.269133
1.216203
1.194256
1.190383
1.222658
1.302699
1.314318
1.311736
1.298826
1.315609
1.337555
1.367248
1.315609
1.302699
1.333683
1.313027
1.276879
1.217494
1.218785
1.269133
1.305281
1.294953
1.283334
1.243314
1.236859
1.292371
1.371121
1.442125
1.465363
1.424051
1.294953
1.319482
1.380158
1.390486
1.443416
1.457617
1.458908
1.491182
1.505383
1.452453
1.362084
1.415014
1.520875
1.538949
1.513129
1.426633
1.363375
1.314318
1.240732
1.199420
1.190383
1.222658
1.394359
1.483437
1.466654
1.422760
1.427924
1.476982
1.526039
1.489891
1.649973
1.733887
1.686121
1.602207
1.616408
1.562186
1.471818
1.424051
1.396941
1.415014
1.404687
1.347883
1.332392
1.266551
1.158109
1.097433
1.111634
1.156818
1.189092
1.251060
1.297535
1.371121
1.395650
1.447289
1.466654
1.502801
1.522166
1.577678
1.613826
1.573805
1.470527
1.474400
1.478273
1.483437
1.460199
1.528621
1.567350
1.603498
1.642227
1.620281
1.533785
1.460199
1.385322
1.275588
1.190383
1.204584
1.204584
1.169728
1.063867
0.954134
1.001900
0.983826
1.016101
1.018683
1.109052
1.213621
1.337555
1.425342
1.449871
1.563477
1.659010
1.699031
1.726141
1.710649
1.736469
1.717104
1.618990
1.547986
1.431797
1.265260
1.165855
1.134871
1.088396
1.039338
1.007064
1.003191
1.093560
1.231695
1.292371
1.386613
1.456326
1.652555
1.745506
1.732596
1.625445
1.609953
1.562186
1.529912
1.505383
1.486018
1.409851
1.345301
1.279461
1.274297
1.284625
1.307863
1.349174
1.349174
1.461490
1.547986
1.531203
1.496346
1.424051
1.364666
1.389195
1.350465
1.360793
1.294953
1.180056
1.081941
0.955425
1.009646
1.065158
1.118088
1.205875
1.303990
1.382740
1.403396
1.363375
1.332392
1.344010
1.314318
1.371121
1.433088
1.444707
1.484728
1.513129
1.524748
1.572514
1.575096
1.522166
1.368539
1.351756
1.296244
1.273006
1.334974
1.403396
1.340137
1.407269
1.491182
1.564768
1.624154
1.618990
1.606080
1.602207
1.531203
1.420178
1.336264
1.293662
1.234277
1.221367
1.333683
1.438252
1.580260
1.633191
1.603498
1.586715
1.604789
1.546695
1.520875
1.559605
1.629318
1.674502
1.634482
1.526039
1.465363
1.408560
1.378867
1.413723
1.474400
1.443416
1.394359
1.425342
1.527330
1.430506
1.338846
1.245896
1.222658
1.266551
1.305281
1.338846
1.331101
1.249769
1.172310
1.181347
1.168437
1.171019
1.180056
1.069031
0.999318
0.987699
1.066449
1.238150
1.398232
1.479564
1.537658
1.529912
1.549277
1.559605
1.657719
1.732596
1.691285
1.618990
1.529912
1.418887
1.275588
1.186511
1.150363
1.161982
1.202002
1.256224
1.247187
1.214912
1.252351
1.289789
1.412432
1.509256
1.537658
1.554441
1.546695
1.451162
1.311736
1.300117
1.416305
1.511838
1.502801
1.380158
1.289789
1.234277
1.267842
1.314318
1.438252
1.498928
1.537658
1.501510
1.443416
1.418887
1.445998
1.554441
1.616408
1.595752
1.553150
1.513129
1.466654
1.440834
1.387904
1.328519
1.273006
1.266551
1.276879
1.223949
1.130998
1.078068
1.084523
1.191674
1.263969
1.327228
1.262678
1.261388
1.280752
1.289789
1.278170
1.220076
1.212330
1.204584
1.273006
1.394359
1.480855
1.531203
1.642227
1.657719
1.717104
1.757125
1.719686
1.689994
1.604789
1.504092
1.367248
1.340137
1.332392
1.373703
1.405978
1.447289
1.479564
1.469236
1.334974
1.213621
1.239441
1.329810
1.404687
1.407269
1.403396
1.514420
1.588006
1.617699
1.531203
1.433088
1.398232
1.390486
1.350465
1.341428
1.346592
1.309154
1.353047
1.346592
1.347883
1.320773
1.342719
1.310445
1.324646
1.359502
1.362084
1.372412
1.418887
1.532494
1.608662
1.550568
1.493764
1.515711
1.509256
1.391777
1.280752
1.213621
1.141326
1.140035
1.207166
1.230404
1.159400
1.120670
1.149072
1.159400
1.152945
1.174892
1.187801
1.236859
1.369830
1.439543
1.542822
1.568641
1.589297
1.637063
1.740342
1.830711
1.846203
1.784235
1.751961
1.704195
1.763580
1.772617
1.665465
1.518293
1.435670
1.371121
1.261388
1.093560
1.080650
1.127125
1.159400
1.121961
1.005773
0.897330
0.919277
0.933478
0.964461
1.040629
1.245896
1.267842
1.227822
1.191674
1.213621
1.276879
1.396941
1.438252
1.496346
1.544113
1.542822
1.458908
1.507965
1.588006
1.699031
1.763580
1.773908
1.735178
1.710649
1.661592
1.606080
1.529912
1.505383
1.471818
1.491182
1.457617
1.442125
1.436961
1.482146
1.540240
1.554441
1.518293
1.520875
1.438252
1.368539
1.284625
1.164564
1.089687
1.026429
1.032884
1.165855
1.244605
1.323355
1.403396
1.390486
1.376285
1.389195
1.416305
1.435670
1.422760
1.455035
1.434379
1.460199
1.465363
1.404687
1.386613
1.444707
1.501510
1.471818
1.471818
1.507965
1.536367
1.537658
1.504092
1.502801
1.438252
1.436961
1.363375
1.243314
1.196838
1.156818
1.147781
1.198129
1.282043
1.351756
1.359502
1.314318
1.254933
1.273006
1.271715
1.296244
1.322064
1.353047
1.385322
1.395650
1.390486
1.439543
1.479564
1.479564
1.438252
1.462781
1.514420
1.531203
1.434379
1.368539
1.367248
1.334974
1.220076
1.130998
1.130998
1.136162
1.146490
1.226531
1.236859
1.289789
1.331101
1.324646
1.318191
1.373703
1.435670
1.445998
1.439543
1.493764
1.603498
1.618990
1.643518
1.652555
1.637063
1.537658
1.460199
1.491182
1.473109
1.535076
1.655137
1.741633
1.720977
1.661592
1.603498
1.568641
1.483437
1.497637
1.497637
1.438252
1.234277
1.092269
1.121961
1.217494
1.183929
1.176183
1.222658
1.301408
1.376285
1.461490
1.536367
1.603498
1.580260
1.577678
1.470527
1.413723
1.466654
1.501510
1.558314
1.522166
1.464072
1.398232
1.274297
1.165855
1.098724
1.083232
1.067740
1.120670
1.167146
1.155527
1.145199
1.160691
1.293662
1.500219
1.652555
1.773908
1.847494
1.887514
1.918498
1.841039
1.699031
1.589297
1.501510
1.444707
1.311736
1.191674
1.138744
1.154236
1.116797
1.101306
1.107761
1.107761
1.087105
1.089687
1.190383
1.271715
1.320773
1.347883
1.409851
1.479564
1.436961
1.420178
1.311736
1.151654
1.013519
0.901203
0.942515
1.062576
1.143908
1.168437
1.196838
1.274297
1.314318
1.395650
1.457617
1.523457
1.532494
1.572514
1.584133
1.532494
1.491182
1.523457
1.514420
1.480855
1.527330
1.563477
1.568641
1.640936
1.714522
1.684830
1.724850
1.754543
1.762289
1.719686
1.621572
1.522166
1.338846
1.138744
1.018683
1.069031
1.106470
1.149072
1.205875
1.267842
1.350465
1.462781
1.535076
1.487309
1.462781
1.395650
1.394359
1.461490
1.434379
1.420178
1.458908
1.492473
1.461490
1.372412
1.341428
1.394359
1.380158
1.316900
1.220076
1.176183
1.138744
1.116797
1.106470
1.154236
1.378867
1.476982
1.496346
1.471818
1.440834
1.475691
1.469236
1.460199
1.421469
1.376285
1.351756
1.329810
1.368539
1.443416
1.497637
1.607371
1.679666
1.699031
1.691285
1.666756
1.602207
1.470527
1.358211
1.294953
1.244605
1.258806
1.374994
1.475691
1.526039
1.572514
1.554441
1.483437
1.426633
1.378867
1.292371
1.226531
1.203293
1.168437
1.124543
1.090978
1.105179
1.192965
1.269133
1.314318
1.367248
1.403396
1.424051
1.469236
1.550568
1.591879
1.606080
1.560895
1.447289
1.390486
1.376285
1.435670
1.438252
1.492473
1.533785
1.538949
1.518293
1.564768
1.527330
1.413723
1.263969
1.143908
1.159400
1.195547
1.087105
1.151654
1.263969
1.358211
1.420178
1.524748
1.480855
1.438252
1.464072
1.532494
1.580260
1.594461
1.578969
1.584133
1.462781
1.408560
1.371121
1.331101
1.288498
1.313027
1.439543
1.564768
1.640936
1.639645
1.602207
1.547986
1.500219
1.473109
1.464072
1.438252
1.368539
1.325937
1.300117
1.368539
1.444707
1.448580
1.400814
1.385322
1.319482
1.253642
1.225240
1.320773
1.415014
1.457617
1.471818
1.434379
1.325937
1.225240
1.185220
1.151654
1.183929
1.253642
1.371121
1.482146
1.456326
1.455035
1.466654
1.455035
1.478273
1.509256
1.557023
1.520875
1.411141
1.252351
1.118088
1.048375
1.088396
1.163273
1.227822
1.306572
1.368539
1.346592
1.130998
0.986408
0.924441
1.018683
1.114215
1.180056
1.202002
1.198129
1.173601
1.158109
1.226531
1.293662
1.360793
1.482146
1.506674
1.572514
1.576387
1.546695
1.537658
1.483437
1.440834
1.460199
1.511838
1.564768
1.544113
1.545404
1.510547
1.475691
1.498928
1.355629
1.278170
1.283334
1.371121
1.461490
1.520875
1.528621
1.515711
1.507965
1.478273
1.517002
1.518293
1.519584
1.492473
1.483437
1.445998
1.420178
1.356920
1.288498
1.318191
1.456326
1.526039
1.611244
1.656428
1.651264
1.620281
1.586715
1.546695
1.440834
1.319482
1.178765
1.149072
1.205875
1.214912
1.211039
1.209748
1.260097
1.396941
1.523457
1.569932
1.532494
1.517002
1.551859
1.588006
1.597043
1.571223
1.582842
1.486018
1.413723
1.384031
1.391777
1.341428
1.393068
1.458908
1.440834
1.374994
1.333683
1.269133
1.200711
1.247187
1.273006
1.274297
1.267842
1.195547
1.194256
1.203293
1.293662
1.453744
1.451162
1.524748
1.520875
1.469236
1.484728
1.484728
1.478273
1.444707
1.258806
1.130998
1.050957
1.050957
1.116797
1.171019
1.238150
1.322064
1.469236
1.615117
1.660301
1.586715
1.455035
1.356920
1.297535
1.209748
1.155527
1.191674
1.244605
1.329810
1.467945
1.616408
1.670629
1.726141
1.701613
1.699031
1.608662
1.487309
1.359502
1.231695
1.155527
1.102597
1.180056
1.260097
1.362084
1.434379
1.505383
1.515711
1.475691
1.396941
1.365957
1.374994
1.395650
1.390486
1.418887
1.502801
1.519584
1.518293
1.536367
1.518293
1.550568
1.535076
1.544113
1.447289
1.358211
1.363375
1.359502
1.329810
1.359502
1.405978
1.439543
1.377576
1.303990
1.303990
1.265260
1.267842
1.324646
1.380158
1.332392
1.269133
1.238150
1.194256
1.194256
1.344010
1.451162
1.527330
1.471818
1.342719
1.258806
1.306572
1.347883
1.412432
1.447289
1.431797
1.395650
1.443416
1.567350
1.496346
1.524748
1.617699
1.666756
1.705486
1.620281
1.374994
1.274297
1.275588
1.267842
1.280752
1.294953
1.263969
1.313027
1.320773
1.309154
1.315609
1.306572
1.324646
1.323355
1.340137
1.458908
1.520875
1.498928
1.470527
1.452453
1.398232
1.331101
1.386613
1.452453
1.462781
1.527330
1.550568
1.589297
1.611244
1.597043
1.492473
1.447289
1.438252
1.365957
1.329810
1.252351
1.151654
1.094851
1.156818
1.296244
1.387904
1.389195
1.465363
1.447289
1.385322
1.340137
1.367248
1.369830
1.294953
1.245896
1.283334
1.384031
1.387904
1.301408
1.225240
1.223949
1.338846
1.439543
1.509256
1.527330
1.535076
1.553150
1.569932
1.577678
1.550568
1.557023
1.567350
1.522166
1.541531
1.607371
1.591879
1.495055
1.474400
1.514420
1.461490
1.315609
1.198129
1.085814
0.985117
0.992863
1.022556
1.039338
1.120670
1.269133
1.434379
1.537658
1.491182
1.418887
1.377576
1.377576
1.355629
1.362084
1.413723
1.387904
1.372412
1.382740
1.444707
1.506674
1.577678
1.558314
1.595752
1.682248
1.759707
1.735178
1.664174
1.517002
1.368539
1.202002
1.048375
1.018683
1.023847
1.063867
1.181347
1.306572
1.455035
1.506674
1.478273
1.417596
1.342719
1.313027
1.278170
1.225240
1.221367
1.207166
1.216203
1.265260
1.208457
1.202002
1.270424
1.367248
1.511838
1.615117
1.651264
1.717104
1.772617
1.749379
1.678375
1.674502
1.664174
1.589297
1.498928
1.461490
1.473109
1.442125
1.358211
1.279461
1.243314
1.229113
1.176183
1.191674
1.239441
1.374994
1.474400
1.491182
1.444707
1.332392
1.232986
1.278170
1.430506
1.495055
1.491182
1.402105
1.368539
1.342719
1.293662
1.249769
1.296244
1.323355
1.292371
1.205875
1.169728
1.186511
1.204584
1.212330
1.232986
1.212330
1.254933
1.331101
1.363375
1.405978
1.471818
1.589297
1.665465
1.569932
1.528621
1.511838
1.433088
1.358211
1.329810
1.285916
1.314318
1.372412
1.411141
1.460199
1.453744
1.493764
1.469236
1.486018
1.460199
1.456326
1.464072
1.588006
1.455035
1.331101
1.265260
1.133580
0.988990
0.943806
0.876675
0.954134
1.158109
1.338846
1.345301
1.333683
1.329810
1.320773
1.350465
1.418887
1.471818
1.550568
1.572514
1.533785
1.489891
1.473109
1.482146
1.515711
1.594461
1.598334
1.484728
1.377576
1.324646
1.311736
1.287207
1.328519
1.342719
1.293662
1.288498
1.395650
1.544113
1.660301
1.719686
1.742924
1.826838
1.860403
1.750670
1.695158
1.585424
1.461490
1.336264
1.263969
1.173601
1.115506
1.137453
1.216203
1.329810
1.440834
1.493764
1.527330
1.500219
1.403396
1.263969
1.191674
1.156818
1.158109
1.182638
1.191674
1.249769
1.327228
1.376285
1.376285
1.303990
1.307863
1.298826
1.244605
1.288498
1.329810
1.398232
1.522166
1.606080
1.662883
1.674502
1.648682
1.554441
1.465363
1.391777
1.389195
1.400814
1.411141
1.395650
1.367248
1.405978
1.518293
1.566059
1.560895
1.504092
1.433088
1.307863
1.305281
1.371121
1.469236
1.517002
1.526039
1.465363
1.372412
1.283334
1.185220
1.172310
1.202002
1.301408
1.358211
1.363375
1.338846
1.344010
1.362084
1.359502
1.227822
1.083232
0.982535
1.062576
1.199420
1.283334
1.282043
1.300117
1.367248
1.405978
1.412432
1.491182
1.655137
1.779072
1.779072
1.754543
1.652555
1.572514
1.421469
1.236859
1.142617
1.119379
1.078068
1.134871
1.125834
1.173601
1.221367
1.245896
1.313027
1.341428
1.356920
1.412432
1.376285
1.310445
1.218785
1.269133
1.425342
1.538949
1.588006
1.536367
1.542822
1.576387
1.560895
1.567350
1.555732
1.504092
1.482146
1.498928
1.402105
1.385322
1.431797
1.467945
1.507965
1.514420
1.429215
1.327228
1.288498
1.306572
1.354338
1.391777
1.435670
1.427924
1.391777
1.362084
1.345301
1.334974
1.355629
1.367248
1.322064
1.262678
1.211039
1.242023
1.223949
1.239441
1.275588
1.333683
1.398232
1.425342
1.457617
1.501510
1.540240
1.560895
1.550568
1.537658
1.511838
1.497637
1.451162
1.474400
1.430506
1.351756
1.328519
1.403396
1.529912
1.581551
1.606080
1.625445
1.651264
1.665465
1.569932
1.395650
1.310445
1.273006
1.310445
1.431797
1.453744
1.434379
1.529912
1.560895
1.541531
1.523457
1.470527
1.455035
1.425342
1.391777
1.426633
1.492473
1.571223
1.607371
1.616408
1.509256
1.476982
1.374994
1.319482
1.300117
1.242023
1.235568
1.222658
1.283334
1.301408
1.243314
1.154236
1.123252
1.143908
1.147781
1.226531
1.316900
1.484728
1.691285
1.757125
1.735178
1.591879
1.444707
1.384031
1.351756
1.254933
1.189092
1.110343
0.978662
0.961880
1.031593
1.100015
1.198129
1.257515
1.240732
1.230404
1.271715
1.323355
1.443416
1.540240
1.580260
1.584133
1.557023
1.497637
1.502801
1.519584
1.580260
1.630609
1.555732
1.460199
1.385322
1.395650
1.385322
1.359502
1.360793
1.394359
1.347883
1.284625
1.218785
1.161982
1.137453
1.174892
1.232986
1.249769
1.309154
1.384031
1.393068
1.434379
1.478273
1.495055
1.475691
1.478273
1.449871
1.393068
1.353047
1.389195
1.439543
1.482146
1.527330
1.527330
1.557023
1.597043
1.657719
1.671920
1.578969
1.458908
1.347883
1.276879
1.270424
1.310445
1.327228
1.292371
1.376285
1.411141
1.467945
1.422760
1.449871
1.495055
1.467945
1.465363
1.475691
1.461490
1.316900
1.204584
1.150363
1.156818
1.287207
1.447289
1.527330
1.498928
1.385322
1.236859
1.165855
1.177474
1.189092
1.199420
1.284625
1.399523
1.395650
1.314318
1.198129
1.127125
1.172310
1.227822
1.298826
1.337555
1.363375
1.466654
1.546695
1.542822
1.526039
1.474400
1.416305
1.345301
1.291080
1.274297
1.288498
1.292371
1.320773
1.381449
1.415014
1.522166
1.572514
1.607371
1.616408
1.660301
1.701613
1.687412
1.739051
1.735178
1.735178
1.693867
1.555732
1.483437
1.458908
1.476982
1.532494
1.524748
1.424051
1.356920
1.350465
1.332392
1.271715
1.171019
1.101306
1.145199
1.181347
1.191674
1.257515
1.271715
1.328519
1.351756
1.362084
1.380158
1.403396
1.453744
1.489891
1.480855
1.426633
1.354338
1.240732
1.187801
1.154236
1.154236
1.222658
1.280752
1.311736
1.399523
1.416305
1.474400
1.554441
1.611244
1.595752
1.460199
1.359502
1.333683
1.371121
1.347883
1.245896
1.257515
1.371121
1.445998
1.489891
1.451162
1.403396
1.296244
1.249769
1.242023
1.325937
1.387904
1.478273
1.465363
1.385322
1.333683
1.424051
1.438252
1.403396
1.360793
1.310445
1.359502
1.358211
1.284625
1.220076
1.223949
1.249769
1.220076
1.294953
1.263969
1.284625
1.311736
1.287207
1.293662
1.309154
1.319482
1.396941
1.424051
1.474400
1.527330
1.510547
1.415014
1.435670
1.487309
1.648682
1.674502
1.635772
1.575096
1.518293
1.405978
1.311736
1.251060
1.273006
1.311736
1.325937
1.353047
1.319482
1.287207
1.227822
1.313027
1.550568
1.750670
1.879768
1.961100
1.977883
1.912043
1.819092
1.609953
1.439543
1.333683
1.258806
1.293662
1.311736
1.328519
1.319482
1.431797
1.462781
1.460199
1.416305
1.332392
1.332392
1.350465
1.306572
1.242023
1.203293
1.154236
1.167146
1.187801
1.078068
1.014810
1.078068
1.213621
1.344010
1.391777
1.398232
1.315609
1.292371
1.351756
1.376285
1.380158
1.411141
1.436961
1.495055
1.559605
1.655137
1.723559
1.790690
1.735178
1.631900
1.467945
1.360793
1.318191
1.284625
1.256224
1.258806
1.221367
1.199420
1.165855
1.181347
1.221367
1.333683
1.470527
1.608662
1.633191
1.618990
1.536367
1.399523
1.256224
1.190383
1.161982
1.309154
1.430506
1.526039
1.546695
1.475691
1.399523
1.353047
1.322064
1.329810
1.261388
1.212330
1.192965
1.199420
1.216203
1.212330
1.300117
1.374994
1.461490
1.625445
1.735178
1.708068
1.626736
1.545404
1.469236
1.373703
1.344010
1.301408
1.278170
1.240732
1.284625
1.356920
1.433088
1.475691
1.491182
1.462781
1.356920
1.273006
1.253642
1.194256
1.208457
1.266551
1.287207
1.365957
1.420178
1.500219
1.678375
1.763580
1.758416
1.688703
1.546695
1.374994
1.257515
1.085814
1.036757
1.168437
1.271715
1.338846
1.453744
1.498928
1.495055
1.524748
1.497637
1.439543
1.420178
1.467945
1.519584
1.502801
1.466654
1.440834
1.363375
1.380158
1.329810
1.360793
1.529912
1.652555
1.671920
1.714522
1.675793
1.604789
1.439543
1.327228
1.284625
1.234277
1.226531
1.192965
1.109052
1.097433
0.965752
0.938642
0.920568
0.976080
1.030302
1.036757
1.092269
1.140035
1.163273
1.211039
1.261388
1.315609
1.278170
1.280752
1.331101
1.412432
1.500219
1.462781
1.449871
1.467945
1.489891
1.526039
1.550568
1.591879
1.652555
1.644809
1.624154
1.646100
1.701613
1.733887
1.731305
1.669338
1.597043
1.457617
1.385322
1.347883
1.297535
1.266551
1.294953
1.328519
1.374994
1.421469
1.426633
1.433088
1.422760
1.394359
1.434379
1.412432
1.349174
1.280752
1.282043
1.306572
1.374994
1.440834
1.418887
1.393068
1.337555
1.288498
1.311736
1.311736
1.296244
1.273006
1.302699
1.362084
1.453744
1.464072
1.462781
1.426633
1.373703
1.309154
1.280752
1.310445
1.358211
1.367248
1.380158
1.457617
1.527330
1.573805
1.622863
1.624154
1.604789
1.541531
1.456326
1.420178
1.458908
1.542822
1.581551
1.531203
1.422760
1.323355
1.291080
1.323355
1.345301
1.315609
1.302699
1.371121
1.315609
1.297535
1.311736
1.346592
1.351756
1.294953
1.325937
1.421469
1.457617
1.448580
1.409851
1.384031
1.396941
1.457617
1.540240
1.515711
1.545404
1.537658
1.511838
1.532494
1.491182
1.447289
1.476982
1.511838
1.588006
1.594461
1.588006
1.618990
1.591879
1.505383
1.359502
1.291080
1.187801
1.142617
1.115506
1.090978
1.059994
1.097433
1.059994
1.040629
1.049666
1.145199
1.231695
1.354338
1.424051
1.510547
1.546695
1.582842
1.606080
1.617699
1.585424
1.466654
1.359502
1.302699
1.161982
1.107761
1.102597
1.147781
1.183929
1.249769
1.252351
1.260097
1.306572
1.341428
1.319482
1.398232
1.514420
1.572514
1.576387
1.580260
1.546695
1.386613
1.311736
1.288498
1.275588
1.293662
1.416305
1.457617
1.462781
1.425342
1.443416
1.520875
1.514420
1.588006
1.648682
1.577678
1.526039
1.456326
1.380158
1.340137
1.331101
1.356920
1.371121
1.336264
1.341428
1.425342
1.473109
1.476982
1.471818
1.411141
1.376285
1.439543
1.528621
1.626736
1.656428
1.754543
1.754543
1.646100
1.460199
1.309154
1.189092
1.137453
1.118088
1.069031
1.029011
1.089687
1.115506
1.125834
1.111634
1.252351
1.470527
1.652555
1.683539
1.633191
1.568641
1.430506
1.356920
1.387904
1.398232
1.385322
1.369830
1.341428
1.334974
1.261388
1.283334
1.353047
1.393068
1.484728
1.523457
1.586715
1.613826
1.595752
1.578969
1.575096
1.496346
1.381449
1.351756
1.399523
1.474400
1.509256
1.562186
1.489891
1.363375
1.310445
1.186511
1.147781
1.088396
1.054830
1.149072
1.283334
1.434379
1.540240
1.542822
1.522166
1.444707
1.341428
1.151654
1.004482
0.943806
0.925732
0.943806
1.043211
1.110343
1.208457
1.249769
1.346592
1.418887
1.461490
1.538949
1.616408
1.634482
1.622863
1.628027
1.640936
1.562186
1.528621
1.475691
1.398232
1.374994
1.378867
1.444707
1.541531
1.599625
1.631900
1.600916
1.547986
1.549277
1.515711
1.458908
1.433088
1.398232
1.403396
1.407269
1.384031
1.345301
1.209748
1.124543
1.063867
1.094851
1.137453
1.161982
1.227822
1.358211
1.455035
1.453744
1.434379
1.358211
1.347883
1.417596
1.550568
1.609953
1.677084
1.656428
1.678375
1.704195
1.720977
1.590588
1.409851
1.265260
1.155527
1.120670
1.141326
1.138744
1.132289
1.238150
1.298826
1.340137
1.309154
1.249769
1.234277
1.263969
1.254933
1.253642
1.278170
1.314318
1.400814
1.492473
1.589297
1.665465
1.669338
1.653846
1.613826
1.617699
1.612535
1.504092
1.431797
1.389195
1.374994
1.380158
1.407269
1.427924
1.469236
1.464072
1.422760
1.420178
1.460199
1.451162
1.389195
1.271715
1.189092
1.089687
1.048375
1.072904
1.185220
1.256224
1.399523
1.566059
1.665465
1.606080
1.518293
1.547986
1.572514
1.542822
1.497637
1.409851
1.337555
1.284625
1.244605
1.138744
1.026429
1.012228
1.052248
1.071613
1.159400
1.269133
1.347883
1.363375
1.351756
1.429215
1.404687
1.337555
1.393068
1.518293
1.702904
1.864276
1.908170
1.844912
1.785526
1.668047
1.554441
1.509256
1.519584
1.480855
1.367248
1.315609
1.396941
1.473109
1.532494
1.510547
1.489891
1.480855
1.390486
1.306572
1.302699
1.403396
1.497637
1.430506
1.340137
1.260097
1.247187
1.244605
1.243314
1.274297
1.360793
1.315609
1.309154
1.334974
1.353047
1.307863
1.301408
1.310445
1.319482
1.222658
1.164564
1.221367
1.307863
1.289789
1.280752
1.289789
1.298826
1.349174
1.458908
1.456326
1.411141
1.433088
1.483437
1.471818
1.520875
1.549277
1.649973
1.736469
1.736469
1.709358
1.656428
1.628027
1.571223
1.473109
1.336264
1.187801
1.115506
1.110343
1.106470
1.026429
1.045793
1.066449
1.013519
1.012228
1.049666
1.178765
1.278170
1.307863
1.306572
1.307863
1.332392
1.362084
1.387904
1.385322
1.415014
1.470527
1.546695
1.643518
1.695158
1.695158
1.689994
1.689994
1.708068
1.745506
1.741633
1.642227
1.604789
1.511838
1.331101
1.261388
1.243314
1.205875
1.199420
1.266551
1.309154
1.249769
1.185220
1.209748
1.329810
1.420178
1.456326
1.457617
1.444707
1.442125
1.420178
1.465363
1.524748
1.545404
1.540240
1.427924
1.350465
1.342719
1.324646
1.328519
1.310445
1.261388
1.276879
1.325937
1.350465
1.369830
1.319482
1.273006
1.189092
1.164564
1.244605
1.320773
1.323355
1.368539
1.416305
1.431797
1.493764
1.575096
1.642227
1.625445
1.680957
1.625445
1.522166
1.396941
1.409851
1.368539
1.360793
1.385322
1.386613
1.442125
1.491182
1.496346
1.458908
1.467945
1.456326
1.385322
1.342719
1.415014
1.470527
1.409851
1.296244
1.200711
1.191674
1.192965
1.163273
1.287207
1.372412
1.402105
1.334974
1.328519
1.314318
1.431797
1.560895
1.591879
1.609953
1.578969
1.638354
1.659010
1.544113
1.443416
1.451162
1.531203
1.522166
1.532494
1.510547
1.491182
1.520875
1.542822
1.545404
1.460199
1.356920
1.269133
1.186511
1.209748
1.226531
1.306572
1.394359
1.478273
1.593170
1.593170
1.492473
1.434379
1.382740
1.344010
1.310445
1.316900
1.384031
1.424051
1.435670
1.411141
1.404687
1.421469
1.447289
1.495055
1.505383
1.440834
1.382740
1.329810
1.316900
1.265260
1.240732
1.227822
1.200711
1.168437
1.118088
1.132289
1.187801
1.251060
1.292371
1.288498
1.311736
1.332392
1.378867
1.387904
1.367248
1.349174
1.303990
1.342719
1.387904
1.386613
1.391777
1.384031
1.373703
1.399523
1.440834
1.364666
1.323355
1.447289
1.631900
1.708068
1.686121
1.585424
1.532494
1.522166
1.529912
1.412432
1.284625
1.229113
1.195547
1.194256
1.229113
1.199420
1.226531
1.294953
1.390486
1.417596
1.430506
1.396941
1.430506
1.364666
1.269133
1.238150
1.279461
1.291080
1.245896
1.217494
1.234277
1.247187
1.262678
1.253642
1.274297
1.341428
1.471818
1.573805
1.624154
1.580260
1.482146
1.393068
1.404687
1.382740
1.405978
1.313027
1.221367
1.202002
1.194256
1.256224
1.284625
1.260097
1.222658
1.283334
1.420178
1.470527
1.434379
1.395650
1.371121
1.442125
1.535076
1.515711
1.416305
1.354338
1.425342
1.547986
1.580260
1.537658
1.569932
1.618990
1.580260
1.544113
1.511838
1.590588
1.625445
1.602207
1.618990
1.611244
1.571223
1.502801
1.400814
1.315609
1.212330
1.158109
1.158109
1.165855
1.123252
1.050957
0.981244
0.959298
0.911531
1.031593
1.142617
1.243314
1.359502
1.374994
1.364666
1.385322
1.382740
1.381449
1.439543
1.473109
1.440834
1.402105
1.365957
1.303990
1.309154
1.453744
1.617699
1.683539
1.665465
1.693867
1.669338
1.624154
1.586715
1.546695
1.491182
1.439543
1.405978
1.341428
1.311736
1.238150
1.252351
1.297535
1.334974
1.381449
1.360793
1.360793
1.365957
1.359502
1.380158
1.381449
1.385322
1.476982
1.475691
1.465363
1.371121
1.412432
1.541531
1.532494
1.484728
1.458908
1.436961
1.340137
1.288498
1.340137
1.331101
1.328519
1.332392
1.360793
1.475691
1.555732
1.535076
1.455035
1.408560
1.409851
1.372412
1.346592
1.282043
1.256224
1.245896
1.243314
1.274297
1.294953
1.303990
1.322064
1.398232
1.469236
1.514420
1.631900
1.696449
1.706777
1.723559
1.702904
1.671920
1.615117
1.513129
1.471818
1.473109
1.498928
1.417596
1.315609
1.226531
1.079359
1.036757
1.003191
0.990281
0.994154
1.083232
1.213621
1.298826
1.355629
1.398232
1.488600
1.568641
1.519584
1.460199
1.378867
1.267842
1.262678
1.273006
1.231695
1.252351
1.314318
1.411141
1.467945
1.465363
1.445998
1.473109
1.502801
1.535076
1.484728
1.460199
1.478273
1.413723
1.338846
1.278170
1.261388
1.328519
1.327228
1.254933
1.209748
1.269133
1.337555
1.486018
1.529912
1.541531
1.585424
1.626736
1.593170
1.599625
1.564768
1.509256
1.413723
1.347883
1.316900
1.285916
1.225240
1.275588
1.373703
1.497637
1.603498
1.613826
1.591879
1.483437
1.412432
1.390486
1.412432
1.464072
1.488600
1.514420
1.591879
1.630609
1.591879
1.531203
1.511838
1.451162
1.427924
1.435670
1.443416
1.381449
1.216203
1.141326
1.151654
1.203293
1.169728
1.194256
1.226531
1.323355
1.337555
1.279461
1.190383
1.101306
1.080650
1.140035
1.185220
1.218785
1.213621
1.182638
1.182638
1.301408
1.426633
1.483437
1.474400
1.486018
1.493764
1.527330
1.536367
1.572514
1.609953
1.572514
1.492473
1.391777
1.444707
1.502801
1.407269
1.364666
1.390486
1.413723
1.480855
1.514420
1.510547
1.420178
1.337555
1.282043
1.285916
1.376285
1.431797
1.480855
1.420178
1.350465
1.377576
1.363375
1.320773
1.354338
1.389195
1.413723
1.448580
1.400814
1.435670
1.493764
1.455035
1.418887
1.412432
1.436961
1.424051
1.489891
1.478273
1.465363
1.517002
1.573805
1.506674
1.517002
1.514420
1.449871
1.315609
1.244605
1.220076
1.198129
1.283334
1.334974
1.337555
1.398232
1.396941
1.356920
1.344010
1.327228
1.344010
1.394359
1.400814
1.430506
1.465363
1.416305
1.453744
1.457617
1.473109
1.448580
1.498928
1.498928
1.443416
1.399523
1.415014
1.455035
1.480855
1.443416
1.418887
1.461490
1.482146
1.541531
1.594461
1.616408
1.613826
1.478273
1.363375
1.331101
1.282043
1.342719
1.377576
1.399523
1.333683
1.300117
1.227822
1.164564
1.161982
1.155527
1.213621
1.261388
1.320773
1.345301
1.296244
1.192965
1.129707
1.134871
1.200711
1.305281
1.342719
1.329810
1.358211
1.402105
1.430506
1.407269
1.376285
1.353047
1.404687
1.500219
1.496346
1.394359
1.297535
1.309154
1.353047
1.426633
1.456326
1.492473
1.489891
1.518293
1.546695
1.544113
1.584133
1.545404
1.471818
1.417596
1.381449
1.371121
1.448580
1.495055
1.522166
1.535076
1.517002
1.425342
1.315609
1.280752
1.332392
1.399523
1.456326
1.470527
1.542822
1.547986
1.507965
1.460199
1.413723
1.378867
1.347883
1.347883
1.378867
1.417596
1.365957
1.315609
1.319482
1.266551
1.176183
1.208457
1.283334
1.345301
1.405978
1.374994
1.387904
1.338846
1.309154
1.384031
1.466654
1.436961
1.350465
1.296244
1.316900
1.369830
1.360793
1.273006
1.221367
1.258806
1.309154
1.443416
1.493764
1.544113
1.555732
1.554441
1.478273
1.292371
1.133580
1.110343
1.115506
1.214912
1.344010
1.451162
1.513129
1.553150
1.550568
1.458908
1.359502
1.262678
1.291080
1.360793
1.365957
1.359502
1.391777
1.381449
1.367248
1.337555
1.351756
1.334974
1.359502
1.425342
1.475691
1.492473
1.484728
1.507965
1.496346
1.438252
1.324646
1.273006
1.325937
1.324646
1.340137
1.409851
1.464072
1.417596
1.409851
1.368539
1.377576
1.440834
1.489891
1.582842
1.646100
1.612535
1.524748
1.452453
1.474400
1.465363
1.435670
1.532494
1.617699
1.628027
1.603498
1.449871
1.334974
1.266551
1.211039
1.209748
1.232986
1.244605
1.240732
1.239441
1.337555
1.371121
1.351756
1.294953
1.337555
1.372412
1.363375
1.354338
1.411141
1.387904
1.374994
1.444707
1.491182
1.483437
1.501510
1.470527
1.360793
1.207166
1.182638
1.168437
1.209748
1.192965
1.107761
1.045793
1.021265
1.085814
1.171019
1.283334
1.422760
1.460199
1.449871
1.374994
1.403396
1.444707
1.469236
1.440834
1.564768
1.688703
1.717104
1.705486
1.710649
1.618990
1.464072
1.426633
1.367248
1.356920
1.380158
1.377576
1.398232
1.403396
1.411141
1.443416
1.475691
1.449871
1.382740
1.271715
1.226531
1.213621
1.158109
1.185220
1.284625
1.306572
1.402105
1.486018
1.608662
1.737760
1.730014
1.674502
1.631900
1.624154
1.576387
1.478273
1.368539
1.337555
1.329810
1.350465
1.403396
1.461490
1.435670
1.532494
1.660301
1.661592
1.653846
1.593170
1.436961
1.235568
1.133580
1.019974
1.009646
1.070322
1.115506
1.207166
1.247187
1.261388
1.296244
1.305281
1.267842
1.253642
1.214912
1.256224
1.347883
1.351756
1.393068
1.510547
1.567350
1.533785
1.448580
1.362084
1.263969
1.217494
1.256224
1.372412
1.440834
1.372412
1.327228
1.294953
1.301408
1.292371
1.296244
1.328519
1.342719
1.371121
1.393068
1.453744
1.482146
1.483437
1.518293
1.519584
1.424051
1.293662
1.287207
1.282043
1.222658
1.195547
1.217494
1.340137
1.510547
1.581551
1.642227
1.603498
1.599625
1.621572
1.582842
1.532494
1.467945
1.445998
1.496346
1.568641
1.575096
1.497637
1.425342
1.398232
1.408560
1.384031
1.358211
1.273006
1.273006
1.338846
1.384031
1.365957
1.345301
1.285916
1.271715
1.239441
1.211039
1.216203
1.261388
1.302699
1.364666
1.415014
1.460199
1.523457
1.540240
1.489891
1.457617
1.440834
1.475691
1.496346
1.443416
1.360793
1.313027
1.247187
1.159400
1.125834
1.132289
1.171019
1.213621
1.239441
1.279461
1.231695
1.260097
1.245896
1.359502
1.542822
1.682248
1.741633
1.764871
1.711940
1.549277
1.425342
1.369830
1.396941
1.500219
1.566059
1.617699
1.613826
1.642227
1.670629
1.531203
1.448580
1.368539
1.287207
1.216203
1.133580
1.140035
1.176183
1.243314
1.260097
1.303990
1.387904
1.451162
1.439543
1.440834
1.399523
1.384031
1.377576
1.409851
1.368539
1.367248
1.405978
1.420178
1.338846
1.318191
1.297535
1.276879
1.294953
1.232986
1.130998
1.076777
1.178765
1.294953
1.329810
1.391777
1.427924
1.364666
1.311736
1.316900
1.287207
1.306572
1.324646
1.323355
1.338846
1.394359
1.524748
1.600916
1.631900
1.573805
1.529912
1.642227
1.713231
1.762289
1.797145
1.825547
1.839748
1.777781
1.708068
1.679666
1.638354
1.635772
1.562186
1.403396
1.251060
1.053539
0.906367
0.907658
0.954134
1.022556
1.171019
1.347883
1.484728
1.588006
1.670629
1.704195
1.668047
1.554441
1.387904
1.288498
1.337555
1.382740
1.353047
1.282043
1.280752
1.315609
1.430506
1.529912
1.532494
1.469236
1.413723
1.311736
1.168437
1.103888
1.044502
1.043211
1.066449
1.097433
1.207166
1.311736
1.402105
1.471818
1.501510
1.523457
1.540240
1.536367
1.532494
1.506674
1.381449
1.293662
1.270424
1.313027
1.416305
1.502801
1.513129
1.517002
1.507965
1.467945
1.418887
1.439543
1.470527
1.495055
1.445998
1.480855
1.554441
1.649973
1.675793
1.545404
1.349174
1.270424
1.310445
1.325937
1.311736
1.315609
1.363375
1.442125
1.462781
1.434379
1.381449
1.358211
1.316900
1.293662
1.238150
1.200711
1.183929
1.072904
0.942515
0.916695
0.987699
1.053539
1.116797
1.191674
1.248478
1.324646
1.409851
1.496346
1.560895
1.631900
1.606080
1.550568
1.444707
1.342719
1.325937
1.365957
1.345301
1.279461
1.242023
1.217494
1.186511
1.274297
1.403396
1.554441
1.702904
1.768744
1.820383
1.887514
1.887514
1.797145
1.671920
1.520875
1.430506
1.346592
1.288498
1.271715
1.269133
1.271715
1.263969
1.349174
1.478273
1.541531
1.509256
1.409851
1.391777
1.342719
1.269133
1.334974
1.306572
1.372412
1.447289
1.476982
1.536367
1.502801
1.413723
1.266551
1.129707
1.065158
0.987699
0.983826
1.039338
1.156818
1.279461
1.402105
1.471818
1.465363
1.461490
1.424051
1.300117
1.160691
1.018683
0.919277
0.960589
1.056121
1.191674
1.300117
1.396941
1.464072
1.476982
1.547986
1.577678
1.495055
1.449871
1.464072
1.528621
1.584133
1.655137
1.677084
1.710649
1.680957
1.544113
1.458908
1.416305
1.439543
1.491182
1.429215
1.403396
1.403396
1.431797
1.498928
1.547986
1.564768
1.483437
1.385322
1.337555
1.334974
1.322064
1.305281
1.280752
1.230404
1.327228
1.415014
1.364666
1.342719
1.314318
1.292371
1.360793
1.445998
1.514420
1.492473
1.460199
1.495055
1.533785
1.487309
1.473109
1.457617
1.462781
1.462781
1.476982
1.559605
1.572514
1.584133
1.551859
1.461490
1.355629
1.287207
1.247187
1.200711
1.180056
1.181347
1.270424
1.393068
1.476982
1.550568
1.464072
1.389195
1.333683
1.254933
1.226531
1.244605
1.293662
1.303990
1.315609
1.336264
1.347883
1.374994
1.356920
1.384031
1.409851
1.416305
1.416305
1.420178
1.385322
1.332392
1.296244
1.301408
1.369830
1.409851
1.445998
1.558314
1.576387
1.564768
1.697740
1.686121
1.655137
1.575096
1.488600
1.420178
1.412432
1.372412
1.365957
1.369830
1.376285
1.408560
1.418887
1.340137
1.297535
1.260097
1.221367
1.279461
1.289789
1.280752
1.262678
1.209748
1.168437
1.190383
1.257515
1.373703
1.439543
1.471818
1.537658
1.566059
1.526039
1.542822
1.624154
1.720977
1.695158
1.740342
1.730014
1.693867
1.585424
1.540240
1.434379
1.372412
1.345301
1.318191
1.342719
1.402105
1.433088
1.412432
1.398232
1.384031
1.372412
1.394359
1.402105
1.418887
1.369830
1.287207
1.258806
1.292371
1.252351
1.275588
1.293662
1.265260
1.278170
1.313027
1.314318
1.289789
1.297535
1.371121
1.405978
1.331101
1.249769
1.159400
1.130998
1.123252
1.092269
1.134871
1.223949
1.345301
1.475691
1.523457
1.542822
1.558314
1.598334
1.575096
1.593170
1.581551
1.528621
1.448580
1.404687
1.374994
1.350465
1.398232
1.385322
1.311736
1.203293
1.142617
1.092269
1.138744
1.263969
1.363375
1.394359
1.360793
1.365957
1.376285
1.413723
1.498928
1.462781
1.403396
1.371121
1.354338
1.302699
1.320773
1.416305
1.527330
1.523457
1.495055
1.458908
1.457617
1.417596
1.429215
1.439543
1.430506
1.444707
1.425342
1.386613
1.389195
1.334974
1.262678
1.177474
1.186511
1.223949
1.194256
1.168437
1.130998
1.132289
1.190383
1.181347
1.155527
1.209748
1.257515
1.260097
1.331101
1.382740
1.429215
1.536367
1.576387
1.594461
1.620281
1.637063
1.635772
1.615117
1.608662
1.621572
1.606080
1.522166
1.445998
1.296244
1.253642
1.292371
1.376285
1.491182
1.557023
1.616408
1.665465
1.644809
1.595752
1.573805
1.524748
1.473109
1.444707
1.356920
1.301408
1.221367
1.217494
1.294953
1.322064
1.279461
1.311736
1.350465
1.403396
1.421469
1.443416
1.426633
1.393068
1.411141
1.484728
1.551859
1.588006
1.515711
1.418887
1.420178
1.332392
1.238150
1.163273
1.130998
1.121961
1.211039
1.283334
1.301408
1.327228
1.276879
1.292371
1.323355
1.324646
1.327228
1.425342
1.491182
1.524748
1.536367
1.448580
1.399523
1.431797
1.455035
1.495055
1.492473
1.413723
1.353047
1.302699
1.276879
1.275588
1.282043
1.252351
1.239441
1.230404
1.283334
1.314318
1.341428
1.409851
1.405978
1.378867
1.411141
1.500219
1.473109
1.390486
1.443416
1.507965
1.555732
1.558314
1.507965
1.398232
1.373703
1.412432
1.439543
1.486018
1.473109
1.510547
1.527330
1.479564
1.425342
1.413723
1.362084
1.346592
1.368539
1.413723
1.444707
1.470527
1.524748
1.545404
1.536367
1.563477
1.538949
1.449871
1.380158
1.438252
1.420178
1.422760
1.438252
1.436961
1.394359
1.316900
1.257515
1.173601
1.156818
1.273006
1.393068
1.455035
1.396941
1.349174
1.342719
1.376285
1.398232
1.371121
1.314318
1.249769
1.150363
1.083232
1.081941
1.160691
1.191674
1.252351
1.373703
1.436961
1.507965
1.540240
1.540240
1.533785
1.473109
1.497637
1.478273
1.551859
1.544113
1.518293
1.500219
1.493764
1.404687
1.389195
1.430506
1.427924
1.386613
1.342719
1.282043
1.288498
1.273006
1.278170
1.249769
1.293662
1.297535
1.334974
1.327228
1.342719
1.293662
1.239441
1.260097
1.340137
1.391777
1.391777
1.399523
1.449871
1.498928
1.465363
1.417596
1.411141
1.431797
1.431797
1.473109
1.488600
1.430506
1.431797
1.469236
1.483437
1.519584
1.529912
1.436961
1.349174
1.346592
1.404687
1.418887
1.433088
1.369830
1.363375
1.342719
1.365957
1.418887
1.360793
1.421469
1.429215
1.416305
1.417596
1.415014
1.511838
1.553150
1.550568
1.598334
1.598334
1.563477
1.519584
1.382740
1.323355
1.306572
1.400814
1.421469
1.374994
1.338846
1.297535
1.382740
1.470527
1.528621
1.514420
1.506674
1.557023
1.546695
1.529912
1.445998
1.347883
1.296244
1.231695
1.221367
1.252351
1.340137
1.413723
1.455035
1.378867
1.313027
1.298826
1.323355
1.430506
1.467945
1.467945
1.429215
1.400814
1.363375
1.327228
1.345301
1.384031
1.374994
1.350465
1.402105
1.436961
1.426633
1.294953
1.256224
1.300117
1.356920
1.320773
1.252351
1.265260
1.306572
1.322064
1.282043
1.262678
1.309154
1.412432
1.509256
1.584133
1.580260
1.540240
1.460199
1.415014
1.325937
1.242023
1.263969
1.251060
1.283334
1.266551
1.342719
1.474400
1.538949
1.585424
1.564768
1.471818
1.362084
1.258806
1.212330
1.165855
1.161982
1.159400
1.147781
1.200711
1.267842
1.328519
1.400814
1.510547
1.526039
1.533785
1.473109
1.389195
1.344010
1.354338
1.372412
1.407269
1.461490
1.489891
1.502801
1.427924
1.393068
1.351756
1.316900
1.327228
1.313027
1.283334
1.313027
1.334974
1.371121
1.387904
1.461490
1.532494
1.621572
1.651264
1.662883
1.626736
1.563477
1.413723
1.243314
1.047084
0.977371
0.958007
1.004482
1.090978
1.251060
1.440834
1.479564
1.469236
1.403396
1.364666
1.384031
1.462781
1.482146
1.500219
1.514420
1.550568
1.571223
1.484728
1.340137
1.256224
1.202002
1.203293
1.227822
1.227822
1.254933
1.262678
1.211039
1.212330
1.334974
1.493764
1.542822
1.553150
1.528621
1.491182
1.478273
1.495055
1.469236
1.371121
1.342719
1.234277
1.234277
1.248478
1.347883
1.520875
1.613826
1.680957
1.726141
1.737760
1.718395
1.687412
1.671920
1.611244
1.474400
1.416305
1.442125
1.447289
1.455035
1.474400
1.591879
1.613826
1.500219
1.332392
1.282043
1.242023
1.220076
1.230404
1.225240
1.207166
1.202002
1.199420
1.240732
1.256224
1.195547
1.217494
1.291080
1.282043
1.300117
1.315609
1.399523
1.469236
1.424051
1.356920
1.347883
1.407269
1.515711
1.581551
1.575096
1.546695
1.473109
1.484728
1.566059
1.571223
1.532494
1.445998
1.393068
1.349174
1.309154
1.327228
1.256224
1.190383
1.245896
1.269133
1.292371
1.396941
1.483437
1.551859
1.571223
1.607371
1.590588
1.537658
1.455035
1.407269
1.399523
1.359502
1.398232
1.380158
1.381449
1.353047
1.368539
1.316900
1.284625
1.276879
1.325937
1.329810
1.271715
1.227822
1.156818
1.120670
1.149072
1.235568
1.310445
1.333683
1.464072
1.502801
1.526039
1.566059
1.647391
1.669338
1.647391
1.637063
1.554441
1.334974
1.172310
1.110343
1.140035
1.223949
1.313027
1.289789
1.283334
1.296244
1.332392
1.449871
1.554441
1.594461
1.593170
1.597043
1.575096
1.447289
1.318191
1.285916
1.293662
1.376285
1.368539
1.362084
1.412432
1.434379
1.349174
1.285916
1.211039
1.207166
1.332392
1.393068
1.421469
1.427924
1.434379
1.435670
1.464072
1.476982
1.510547
1.546695
1.560895
1.550568
1.448580
1.413723
1.344010
1.236859
1.205875
1.182638
1.221367
1.270424
1.306572
1.341428
1.415014
1.489891
1.527330
1.576387
1.560895
1.580260
1.651264
1.751961
1.753252
1.758416
1.802309
1.811346
1.777781
1.617699
1.514420
1.440834
1.325937
1.238150
1.165855
1.152945
1.149072
1.209748
1.274297
1.380158
1.469236
1.473109
1.421469
1.377576
1.347883
1.261388
1.163273
1.165855
1.204584
1.202002
1.176183
1.124543
1.112924
1.120670
1.146490
1.200711
1.167146
1.145199
1.208457
1.322064
1.390486
1.389195
1.413723
1.429215
1.460199
1.479564
1.458908
1.483437
1.524748
1.578969
1.581551
1.532494
1.461490
1.442125
1.363375
1.252351
1.249769
1.285916
1.333683
1.395650
1.427924
1.460199
1.462781
1.462781
1.448580
1.409851
1.427924
1.474400
1.518293
1.489891
1.411141
1.318191
1.325937
1.345301
1.347883
1.344010
1.334974
1.336264
1.369830
1.412432
1.469236
1.549277
1.536367
1.546695
1.580260
1.520875
1.369830
1.267842
1.273006
1.323355
1.355629
1.360793
1.353047
1.386613
1.402105
1.478273
1.555732
1.497637
1.407269
1.334974
1.338846
1.305281
1.298826
1.287207
1.342719
1.436961
1.483437
1.483437
1.433088
1.384031
1.372412
1.325937
1.331101
1.378867
1.376285
1.310445
1.278170
1.284625
1.409851
1.493764
1.483437
1.429215
1.376285
1.351756
1.344010
1.349174
1.364666
1.430506
1.476982
1.448580
1.505383
1.597043
1.606080
1.549277
1.474400
1.408560
1.403396
1.405978
1.374994
1.395650
1.417596
1.386613
1.407269
1.531203
1.479564
1.456326
1.426633
1.376285
1.322064
1.262678
1.316900
1.273006
1.160691
1.202002
1.199420
1.149072
1.094851
1.121961
1.143908
1.147781
1.216203
1.329810
1.362084
1.407269
1.387904
1.440834
1.415014
1.430506
1.452453
1.502801
1.594461
1.571223
1.529912
1.544113
1.571223
1.595752
1.577678
1.520875
1.506674
1.498928
1.457617
1.488600
1.476982
1.390486
1.334974
1.279461
1.227822
1.252351
1.373703
1.484728
1.550568
1.467945
1.402105
1.382740
1.373703
1.399523
1.403396
1.466654
1.482146
1.438252
1.430506
1.380158
1.384031
1.415014
1.434379
1.551859
1.620281
1.568641
1.438252
1.336264
1.207166
1.142617
1.040629
0.925732
0.875384
0.937351
1.056121
1.163273
1.279461
1.293662
1.303990
1.369830
1.457617
1.545404
1.554441
1.582842
1.560895
1.563477
1.567350
1.540240
1.535076
1.588006
1.573805
1.550568
1.544113
1.591879
1.545404
1.515711
1.486018
1.466654
1.439543
1.396941
1.353047
1.358211
1.384031
1.368539
1.449871
1.449871
1.433088
1.498928
1.469236
1.382740
1.309154
1.254933
1.222658
1.305281
1.362084
1.289789
1.202002
1.198129
1.244605
1.298826
1.271715
1.325937
1.369830
1.393068
1.429215
1.460199
1.413723
1.513129
1.656428
1.695158
1.666756
1.576387
1.509256
1.444707
1.320773
1.218785
1.189092
1.191674
1.205875
1.256224
1.278170
1.301408
1.302699
1.331101
1.245896
1.222658
1.208457
1.235568
1.279461
1.385322
1.435670
1.368539
1.331101
1.305281
1.309154
1.349174
1.364666
1.426633
1.501510
1.509256
1.531203
1.538949
1.577678
1.535076
1.498928
1.500219
1.564768
1.648682
1.631900
1.573805
1.491182
1.393068
1.279461
1.257515
1.298826
1.313027
1.300117
1.284625
1.196838
1.109052
1.069031
1.132289
1.239441
1.404687
1.421469
1.424051
1.417596
1.456326
1.422760
1.418887
1.489891
1.531203
1.621572
1.668047
1.602207
1.541531
1.469236
1.421469
1.453744
1.484728
1.505383
1.486018
1.473109
1.501510
1.567350
1.576387
1.563477
1.535076
1.474400
1.365957
1.320773
1.294953
1.207166
1.185220
1.121961
1.103888
1.101306
1.191674
1.374994
1.474400
1.484728
1.415014
1.407269
1.399523
1.368539
1.322064
1.301408
1.390486
1.453744
1.398232
1.336264
1.323355
1.316900
1.342719
1.334974
1.287207
1.297535
1.378867
1.341428
1.310445
1.238150
1.223949
1.324646
1.394359
1.421469
1.391777
1.429215
1.420178
1.402105
1.282043
1.205875
1.218785
1.235568
1.301408
1.403396
1.442125
1.473109
1.511838
1.544113
1.511838
1.403396
1.327228
1.271715
1.276879
1.306572
1.373703
1.489891
1.567350
1.670629
1.631900
1.559605
1.560895
1.537658
1.532494
1.537658
1.489891
1.475691
1.518293
1.582842
1.656428
1.625445
1.536367
1.475691
1.462781
1.418887
1.402105
1.482146
1.518293
1.470527
1.391777
1.300117
1.195547
1.125834
1.159400
1.171019
1.107761
1.088396
1.208457
1.315609
1.436961
1.484728
1.367248
1.300117
1.372412
1.478273
1.461490
1.455035
1.440834
1.405978
1.347883
1.322064
1.327228
1.399523
1.440834
1.458908
1.535076
1.528621
1.412432
1.296244
1.239441
1.198129
1.174892
1.274297
1.523457
1.688703
1.677084
1.581551
1.549277
1.517002
1.550568
1.626736
1.626736
1.500219
1.445998
1.415014
1.359502
1.353047
1.347883
1.303990
1.204584
1.142617
1.065158
1.034175
1.018683
1.019974
1.093560
1.181347
1.285916
1.350465
1.395650
1.473109
1.514420
1.593170
1.625445
1.524748
1.402105
1.329810
1.282043
1.273006
1.359502
1.386613
1.371121
1.378867
1.322064
1.261388
1.185220
1.204584
1.200711
1.282043
1.358211
1.364666
1.404687
1.395650
1.426633
1.422760
1.381449
1.391777
1.402105
1.408560
1.412432
1.457617
1.486018
1.411141
1.345301
1.351756
1.396941
1.435670
1.452453
1.455035
1.448580
1.426633
1.341428
1.239441
1.231695
1.254933
1.395650
1.474400
1.491182
1.469236
1.424051
1.369830
1.360793
1.402105
1.532494
1.628027
1.476982
1.409851
1.382740
1.327228
1.443416
1.608662
1.713231
1.700322
1.669338
1.591879
1.495055
1.449871
1.417596
1.384031
1.396941
1.473109
1.575096
1.600916
1.498928
1.313027
1.123252
1.089687
1.107761
1.142617
1.161982
1.168437
1.270424
1.302699
1.316900
1.273006
1.285916
1.265260
1.285916
1.302699
1.336264
1.362084
1.405978
1.486018
1.408560
1.467945
1.500219
1.515711
1.519584
1.571223
1.594461
1.613826
1.540240
1.540240
1.511838
1.458908
1.436961
1.448580
1.452453
1.442125
1.425342
1.453744
1.439543
1.404687
1.341428
1.360793
1.382740
1.368539
1.342719
1.300117
1.289789
1.247187
1.243314
1.302699
1.325937
1.309154
1.280752
1.269133
1.380158
1.473109
1.473109
1.434379
1.412432
1.347883
1.298826
1.253642
1.306572
1.384031
1.504092
1.526039
1.460199
1.398232
1.386613
1.378867
1.350465
1.284625
1.283334
1.234277
1.130998
1.094851
1.169728
1.208457
1.238150
1.288498
1.288498
1.289789
1.294953
1.358211
1.431797
1.509256
1.617699
1.660301
1.675793
1.594461
1.447289
1.455035
1.451162
1.373703
1.350465
1.328519
1.360793
1.404687
1.374994
1.313027
1.282043
1.300117
1.381449
1.496346
1.577678
1.665465
1.665465
1.608662
1.569932
1.546695
1.476982
1.460199
1.495055
1.608662
1.671920
1.588006
1.470527
1.316900
1.150363
1.097433
1.118088
1.213621
1.269133
1.327228
1.371121
1.415014
1.505383
1.589297
1.573805
1.489891
1.500219
1.484728
1.427924
1.386613
1.398232
1.329810
1.275588
1.247187
1.238150
1.244605
1.256224
1.192965
1.221367
1.273006
1.248478
1.266551
1.350465
1.464072
1.522166
1.491182
1.478273
1.445998
1.409851
1.415014
1.482146
1.471818
1.471818
1.537658
1.616408
1.588006
1.563477
1.590588
1.633191
1.599625
1.600916
1.515711
1.458908
1.438252
1.351756
1.294953
1.260097
1.251060
1.177474
1.067740
1.075486
1.076777
1.029011
1.034175
1.031593
1.014810
1.088396
1.181347
1.332392
1.440834
1.528621
1.559605
1.524748
1.517002
1.600916
1.635772
1.603498
1.604789
1.563477
1.504092
1.493764
1.483437
1.448580
1.405978
1.315609
1.258806
1.253642
1.285916
1.316900
1.279461
1.325937
1.323355
1.411141
1.506674
1.615117
1.668047
1.661592
1.642227
1.594461
1.560895
1.464072
1.395650
1.302699
1.278170
1.291080
1.199420
1.128416
1.081941
1.080650
1.038047
1.025138
1.074195
1.133580
1.138744
1.177474
1.258806
1.322064
1.380158
1.380158
1.381449
1.480855
1.593170
1.643518
1.688703
1.751961
1.780363
1.855240
1.826838
1.770035
1.700322
1.673211
1.717104
1.740342
1.699031
1.653846
1.532494
1.455035
1.439543
1.425342
1.378867
1.336264
1.310445
1.262678
1.221367
1.187801
1.112924
1.101306
1.164564
1.232986
1.221367
1.231695
1.253642
1.262678
1.289789
1.342719
1.373703
1.371121
1.341428
1.283334
1.261388
1.211039
1.205875
1.234277
1.152945
1.109052
1.192965
1.301408
1.350465
1.356920
1.378867
1.395650
1.368539
1.372412
1.334974
1.314318
1.332392
1.371121
1.403396
1.427924
1.448580
1.438252
1.393068
1.363375
1.451162
1.458908
1.461490
1.505383
1.495055
1.568641
1.551859
1.474400
1.458908
1.404687
1.369830
1.403396
1.452453
1.541531
1.529912
1.511838
1.533785
1.533785
1.517002
1.495055
1.429215
1.381449
1.260097
1.200711
1.203293
1.236859
1.263969
1.275588
1.310445
1.349174
1.349174
1.334974
1.341428
1.347883
1.302699
1.306572
1.301408
1.373703
1.484728
1.491182
1.533785
1.532494
1.554441
1.635772
1.717104
1.657719
1.563477
1.440834
1.387904
1.350465
1.313027
1.289789
1.315609
1.396941
1.445998
1.507965
1.560895
1.563477
1.526039
1.426633
1.387904
1.351756
1.327228
1.254933
1.140035
1.041920
1.084523
1.239441
1.328519
1.359502
1.390486
1.478273
1.476982
1.434379
1.380158
1.341428
1.270424
1.185220
1.158109
1.198129
1.245896
1.280752
1.350465
1.396941
1.439543
1.486018
1.533785
1.554441
1.542822
1.593170
1.640936
1.655137
1.607371
1.505383
1.473109
1.430506
1.395650
1.369830
1.276879
1.245896
1.247187
1.292371
1.354338
1.360793
1.354338
1.353047
1.288498
1.275588
1.334974
1.323355
1.291080
1.291080
1.254933
1.257515
1.333683
1.408560
1.488600
1.544113
1.551859
1.526039
1.577678
1.600916
1.593170
1.590588
1.554441
1.544113
1.588006
1.612535
1.656428
1.680957
1.599625
1.493764
1.396941
1.384031
1.333683
1.276879
1.251060
1.258806
1.324646
1.307863
1.301408
1.337555
1.412432
1.380158
1.356920
1.342719
1.266551
1.194256
1.145199
1.059994
1.097433
1.146490
1.199420
1.213621
1.252351
1.267842
1.249769
1.227822
1.220076
1.243314
1.282043
1.346592
1.417596
1.440834
1.442125
1.422760
1.511838
1.633191
1.730014
1.753252
1.789399
1.799727
1.731305
1.628027
1.461490
1.416305
1.420178
1.493764
1.518293
1.568641
1.537658
1.400814
1.313027
1.163273
1.102597
1.102597
1.142617
1.182638
1.192965
1.256224
1.302699
1.347883
1.362084
1.377576
1.399523
1.368539
1.389195
1.442125
1.438252
1.475691
1.476982
1.456326
1.356920
1.287207
1.297535
1.234277
1.180056
1.222658
1.266551
1.283334
1.280752
1.381449
1.511838
1.585424
1.617699
1.616408
1.575096
1.527330
1.496346
1.424051
1.426633
1.474400
1.564768
1.581551
1.585424
1.507965
1.365957
1.303990
1.279461
1.301408
1.356920
1.421469
1.399523
1.426633
1.465363
1.498928
1.511838
1.493764
1.384031
1.275588
1.216203
1.168437
1.171019
1.205875
1.171019
1.194256
1.209748
1.154236
1.195547
1.310445
1.456326
1.588006
1.595752
1.594461
1.629318
1.553150
1.456326
1.491182
1.529912
1.622863
1.689994
1.638354
1.519584
1.464072
1.334974
1.305281
1.354338
1.310445
1.324646
1.376285
1.421469
1.496346
1.593170
1.692576
1.728723
1.688703
1.509256
1.359502
1.247187
1.229113
1.408560
1.456326
1.407269
1.314318
1.296244
1.189092
1.059994
0.970916
0.950261
1.008355
1.154236
1.284625
1.387904
1.433088
1.412432
1.430506
1.408560
1.387904
1.488600
1.531203
1.445998
1.285916
1.220076
1.245896
1.168437
1.192965
1.232986
1.239441
1.309154
1.405978
1.533785
1.577678
1.520875
1.439543
1.349174
1.271715
1.242023
1.275588
1.324646
1.315609
1.337555
1.340137
1.287207
1.302699
1.356920
1.394359
1.421469
1.424051
1.496346
1.540240
1.476982
1.522166
1.567350
1.544113
1.484728
1.455035
1.399523
1.376285
1.347883
1.363375
1.409851
1.526039
1.545404
1.466654
1.363375
1.337555
1.372412
1.438252
1.560895
1.624154
1.585424
1.524748
1.532494
1.408560
1.310445
1.288498
1.285916
1.294953
1.333683
1.380158
1.349174
1.256224
1.225240
1.280752
1.358211
1.473109
1.506674
1.431797
1.478273
1.479564
1.531203
1.576387
1.546695
1.540240
1.535076
1.551859
1.549277
1.559605
1.519584
1.478273
1.395650
1.271715
1.226531
1.209748
1.200711
1.212330
1.260097
1.353047
1.385322
1.314318
1.226531
1.220076
1.130998
1.143908
1.152945
1.109052
1.069031
1.102597
1.172310
1.223949
1.297535
1.334974
1.449871
1.540240
1.572514
1.541531
1.475691
1.424051
1.405978
1.395650
1.380158
1.355629
1.369830
1.331101
1.328519
1.395650
1.443416
1.461490
1.498928
1.524748
1.507965
1.483437
1.444707
1.447289
1.473109
1.461490
1.365957
1.280752
1.327228
1.479564
1.634482
1.657719
1.695158
1.678375
1.661592
1.555732
1.447289
1.328519
1.248478
1.230404
1.252351
1.269133
1.240732
1.220076
1.213621
1.347883
1.491182
1.554441
1.538949
1.501510
1.524748
1.642227
1.657719
1.639645
1.568641
1.402105
1.291080
1.271715
1.278170
1.294953
1.408560
1.475691
1.445998
1.439543
1.424051
1.413723
1.322064
1.266551
1.288498
1.261388
1.227822
1.207166
1.177474
1.216203
1.267842
1.252351
1.270424
1.354338
1.457617
1.451162
1.387904
1.365957
1.360793
1.433088
1.519584
1.581551
1.606080
1.612535
1.542822
1.506674
1.497637
1.405978
1.415014
1.486018
1.506674
1.551859
1.492473
1.474400
1.430506
1.413723
1.328519
1.263969
1.177474
0.960589
0.751449
0.761777
0.835363
0.892166
0.938642
0.956716
1.125834
1.287207
1.413723
1.453744
1.488600
1.507965
1.554441
1.607371
1.711940
1.822965
1.850076
1.775199
1.709358
1.679666
1.655137
1.557023
1.466654
1.436961
1.356920
1.349174
1.404687
1.405978
1.420178
1.442125
1.411141
1.421469
1.394359
1.460199
1.549277
1.519584
1.427924
1.427924
1.493764
1.546695
1.545404
1.407269
1.364666
1.332392
1.249769
1.213621
1.137453
1.058703
1.056121
1.058703
1.045793
1.056121
1.030302
1.040629
1.094851
1.133580
1.194256
1.253642
1.355629
1.467945
1.553150
1.613826
1.655137
1.657719
1.606080
1.585424
1.528621
1.510547
1.478273
1.479564
1.533785
1.563477
1.560895
1.507965
1.427924
1.429215
1.408560
1.380158
1.347883
1.318191
1.332392
1.360793
1.435670
1.491182
1.524748
1.497637
1.473109
1.480855
1.501510
1.515711
1.514420
1.424051
1.340137
1.260097
1.265260
1.293662
1.315609
1.416305
1.493764
1.510547
1.536367
1.544113
1.517002
1.511838
1.492473
1.396941
1.407269
1.363375
1.307863
1.167146
1.075486
1.076777
1.087105
1.133580
1.248478
1.306572
1.344010
1.377576
1.417596
1.526039
1.634482
1.675793
1.726141
1.722268
1.664174
1.606080
1.538949
1.513129
1.372412
1.242023
1.171019
1.156818
1.174892
1.195547
1.222658
1.257515
1.262678
1.276879
1.349174
1.393068
1.376285
1.400814
1.417596
1.427924
1.421469
1.418887
1.504092
1.606080
1.644809
1.669338
1.693867
1.768744
1.771326
1.692576
1.511838
1.289789
1.178765
1.078068
1.080650
1.103888
1.137453
1.149072
1.192965
1.287207
1.384031
1.491182
1.573805
1.635772
1.705486
1.673211
1.551859
1.484728
1.420178
1.369830
1.311736
1.287207
1.303990
1.301408
1.302699
1.315609
1.347883
1.310445
1.265260
1.278170
1.293662
1.294953
1.257515
1.269133
1.311736
1.340137
1.333683
1.307863
1.247187
1.213621
1.171019
1.127125
1.164564
1.258806
1.430506
1.578969
1.664174
1.741633
1.819092
1.786817
1.684830
1.538949
1.390486
1.346592
1.316900
1.294953
1.242023
1.240732
1.274297
1.360793
1.496346
1.518293
1.510547
1.497637
1.563477
1.597043
1.509256
1.492473
1.465363
1.284625
1.207166
1.174892
1.090978
0.967043
0.942515
1.019974
1.189092
1.293662
1.396941
1.449871
1.470527
1.444707
1.483437
1.542822
1.546695
1.415014
1.316900
1.244605
1.189092
1.173601
1.221367
1.351756
1.418887
1.411141
1.496346
1.599625
1.709358
1.687412
1.631900
1.631900
1.634482
1.647391
1.595752
1.491182
1.430506
1.294953
1.231695
1.147781
1.164564
1.251060
1.278170
1.283334
1.270424
1.323355
1.359502
1.356920
1.322064
1.364666
1.449871
1.451162
1.413723
1.327228
1.313027
1.248478
1.213621
1.155527
1.121961
1.027720
0.955425
0.982535
1.105179
1.151654
1.275588
1.325937
1.400814
1.473109
1.538949
1.618990
1.719686
1.829420
1.859112
1.851367
1.741633
1.603498
1.458908
1.309154
1.261388
1.253642
1.283334
1.354338
1.424051
1.422760
1.480855
1.473109
1.451162
1.389195
1.381449
1.334974
1.310445
1.430506
1.575096
1.607371
1.603498
1.589297
1.529912
1.520875
1.613826
1.603498
1.590588
1.509256
1.458908
1.360793
1.260097
1.204584
1.248478
1.322064
1.345301
1.386613
1.440834
1.443416
1.407269
1.342719
1.310445
1.316900
1.334974
1.384031
1.528621
1.568641
1.544113
1.513129
1.358211
1.214912
1.149072
1.134871
1.204584
1.313027
1.417596
1.504092
1.496346
1.474400
1.447289
1.442125
1.473109
1.491182
1.439543
1.424051
1.427924
1.302699
1.240732
1.239441
1.293662
1.325937
1.327228
1.301408
1.296244
1.325937
1.384031
1.418887
1.389195
1.408560
1.442125
1.431797
1.393068
1.323355
1.283334
1.376285
1.421469
1.480855
1.471818
1.493764
1.475691
1.436961
1.427924
1.372412
1.302699
1.236859
1.174892
1.181347
1.211039
1.256224
1.247187
1.315609
1.380158
1.456326
1.449871
1.415014
1.313027
1.270424
1.344010
1.347883
1.422760
1.542822
1.634482
1.696449
1.779072
1.744215
1.602207
1.429215
1.313027
1.258806
1.336264
1.373703
1.415014
1.360793
1.310445
1.292371
1.296244
1.275588
1.307863
1.415014
1.478273
1.474400
1.479564
1.453744
1.359502
1.229113
1.240732
1.316900
1.389195
1.452453
1.386613
1.244605
1.221367
1.235568
1.220076
1.149072
1.136162
1.116797
1.137453
1.161982
1.248478
1.337555
1.473109
1.628027
1.733887
1.776490
1.753252
1.673211
1.683539
1.758416
1.701613
1.569932
1.533785
1.522166
1.467945
1.427924
1.509256
1.553150
1.438252
1.360793
1.346592
1.360793
1.427924
1.443416
1.381449
1.360793
1.350465
1.320773
1.266551
1.195547
1.204584
1.252351
1.297535
1.325937
1.413723
1.510547
1.540240
1.531203
1.569932
1.517002
1.451162
1.354338
1.262678
1.167146
1.163273
1.130998
1.080650
1.085814
1.133580
1.207166
1.289789
1.303990
1.338846
1.351756
1.435670
1.511838
1.580260
1.593170
1.559605
1.480855
1.387904
1.385322
1.340137
1.334974
1.311736
1.171019
1.133580
1.123252
1.176183
1.249769
1.333683
1.344010
1.408560
1.524748
1.615117
1.750670
1.848785
1.893969
1.859112
1.673211
1.519584
1.387904
1.262678
1.265260
1.382740
1.422760
1.364666
1.316900
1.289789
1.208457
1.176183
1.251060
1.390486
1.509256
1.628027
1.669338
1.669338
1.643518
1.500219
1.409851
1.495055
1.492473
1.438252
1.436961
1.367248
1.284625
1.182638
1.181347
1.146490
1.158109
1.252351
1.368539
1.425342
1.407269
1.331101
1.275588
1.183929
1.178765
1.195547
1.196838
1.263969
1.291080
1.322064
1.373703
1.391777
1.504092
1.612535
1.659010
1.609953
1.514420
1.502801
1.442125
1.436961
1.504092
1.505383
1.466654
1.365957
1.301408
1.230404
1.227822
1.271715
1.279461
1.306572
1.270424
1.225240
1.171019
1.173601
1.163273
1.225240
1.372412
1.417596
1.400814
1.404687
1.462781
1.542822
1.598334
1.616408
1.643518
1.644809
1.577678
1.475691
1.359502
1.305281
1.275588
1.249769
1.297535
1.336264
1.345301
1.470527
1.510547
1.479564
1.451162
1.387904
1.332392
1.305281
1.302699
1.316900
1.385322
1.431797
1.466654
1.440834
1.421469
1.550568
1.649973
1.626736
1.524748
1.385322
1.318191
1.258806
1.195547
1.115506
1.133580
1.176183
1.152945
1.119379
1.121961
1.150363
1.222658
1.438252
1.606080
1.659010
1.656428
1.683539
1.648682
1.617699
1.600916
1.617699
1.628027
1.576387
1.517002
1.528621
1.594461
1.616408
1.563477
1.536367
1.415014
1.289789
1.189092
1.123252
1.078068
1.147781
1.118088
1.147781
1.101306
1.062576
1.155527
1.263969
1.327228
1.365957
1.390486
1.365957
1.363375
1.473109
1.546695
1.510547
1.359502
1.319482
1.344010
1.353047
1.351756
1.376285
1.413723
1.473109
1.471818
1.447289
1.372412
1.363375
1.381449
1.439543
1.421469
1.374994
1.359502
1.358211
1.305281
1.231695
1.214912
1.263969
1.315609
1.364666
1.405978
1.492473
1.533785
1.558314
1.611244
1.643518
1.659010
1.682248
1.633191
1.529912
1.391777
1.325937
1.303990
1.332392
1.346592
1.389195
1.368539
1.373703
1.376285
1.391777
1.371121
1.363375
1.438252
1.460199
1.402105
1.443416
1.457617
1.448580
1.475691
1.471818
1.507965
1.575096
1.624154
1.637063
1.602207
1.553150
1.524748
1.535076
1.551859
1.513129
1.340137
1.200711
1.112924
1.070322
0.987699
0.994154
0.951552
1.005773
1.071613
1.172310
1.297535
1.435670
1.438252
1.444707
1.482146
1.540240
1.466654
1.263969
1.142617
1.110343
1.107761
1.152945
1.172310
1.208457
1.251060
1.333683
1.460199
1.529912
1.545404
1.527330
1.606080
1.580260
1.544113
1.558314
1.502801
1.458908
1.469236
1.590588
1.655137
1.679666
1.714522
1.588006
1.425342
1.314318
1.282043
1.316900
1.400814
1.420178
1.365957
1.311736
1.231695
1.212330
1.235568
1.279461
1.296244
1.258806
1.205875
1.234277
1.314318
1.449871
1.546695
1.528621
1.529912
1.492473
1.536367
1.674502
1.759707
1.701613
1.621572
1.544113
1.528621
1.575096
1.573805
1.586715
1.510547
1.444707
1.457617
1.507965
1.482146
1.417596
1.303990
1.125834
0.986408
0.945097
0.923150
0.897330
0.996736
1.150363
1.208457
1.181347
1.254933
1.306572
1.385322
1.488600
1.572514
1.611244
1.558314
1.528621
1.526039
1.511838
1.571223
1.684830
1.659010
1.616408
1.511838
1.412432
1.238150
1.169728
1.191674
1.300117
1.409851
1.476982
1.557023
1.593170
1.566059
1.474400
1.374994
1.235568
1.115506
1.085814
1.146490
1.274297
1.356920
1.324646
1.276879
1.235568
1.137453
1.044502
1.018683
1.124543
1.221367
1.345301
1.467945
1.593170
1.608662
1.670629
1.647391
1.568641
1.500219
1.369830
1.202002
1.222658
1.204584
1.235568
1.236859
1.267842
1.283334
1.341428
1.363375
1.380158
1.391777
1.433088
1.462781
1.532494
1.626736
1.705486
1.733887
1.701613
1.559605
1.430506
1.398232
1.325937
1.332392
1.353047
1.322064
1.195547
1.116797
1.164564
1.236859
1.316900
1.376285
1.342719
1.282043
1.163273
1.043211
1.102597
1.207166
1.249769
1.200711
1.195547
1.098724
1.030302
1.019974
1.152945
1.336264
1.505383
1.575096
1.586715
1.611244
1.648682
1.591879
1.515711
1.510547
1.541531
1.653846
1.628027
1.537658
1.469236
1.394359
1.340137
1.297535
1.244605
1.271715
1.287207
1.400814
1.462781
1.533785
1.606080
1.559605
1.562186
1.549277
1.491182
1.491182
1.495055
1.471818
1.411141
1.327228
1.301408
1.338846
1.434379
1.524748
1.598334
1.620281
1.679666
1.732596
1.715813
1.713231
1.710649
1.671920
1.608662
1.522166
1.418887
1.356920
1.355629
1.367248
1.371121
1.396941
1.443416
1.495055
1.427924
1.376285
1.337555
1.262678
1.263969
1.263969
1.213621
1.225240
1.258806
1.266551
1.356920
1.430506
1.489891
1.491182
1.538949
1.551859
1.501510
1.473109
1.376285
1.240732
1.169728
1.221367
1.136162
1.106470
1.109052
1.169728
1.253642
1.292371
1.395650
1.433088
1.479564
1.532494
1.506674
1.527330
1.547986
1.461490
1.374994
1.300117
1.211039
1.198129
1.263969
1.362084
1.462781
1.595752
1.549277
1.495055
1.409851
1.371121
1.287207
1.291080
1.307863
1.338846
1.333683
1.350465
1.338846
1.365957
1.377576
1.420178
1.535076
1.597043
1.600916
1.520875
1.413723
1.328519
1.266551
1.263969
1.337555
1.327228
1.279461
1.203293
1.160691
1.171019
1.172310
1.249769
1.265260
1.322064
1.416305
1.500219
1.506674
1.498928
1.424051
1.413723
1.460199
1.545404
1.629318
1.670629
1.590588
1.506674
1.434379
1.367248
1.275588
1.232986
1.232986
1.235568
1.209748
1.163273
1.211039
1.251060
1.346592
1.421469
1.456326
1.451162
1.482146
1.493764
1.607371
1.717104
1.706777
1.634482
1.538949
1.378867
1.239441
1.223949
1.289789
1.271715
1.158109
1.140035
1.200711
1.287207
1.376285
1.399523
1.453744
1.522166
1.520875
1.509256
1.498928
1.452453
1.381449
1.302699
1.222658
1.254933
1.350465
1.420178
1.391777
1.415014
1.537658
1.557023
1.550568
1.580260
1.562186
1.492473
1.474400
1.429215
1.402105
1.386613
1.418887
1.487309
1.475691
1.458908
1.323355
1.267842
1.207166
1.132289
1.132289
1.207166
1.280752
1.498928
1.661592
1.705486
1.714522
1.674502
1.586715
1.554441
1.589297
1.571223
1.475691
1.426633
1.333683
1.195547
1.044502
1.067740
1.212330
1.372412
1.408560
1.381449
1.350465
1.390486
1.496346
1.460199
1.374994
1.307863
1.187801
1.124543
1.203293
1.338846
1.478273
1.506674
1.448580
1.439543
1.329810
1.260097
1.244605
1.229113
1.186511
1.092269
1.043211
1.017392
1.045793
1.141326
1.256224
1.380158
1.491182
1.706777
1.795854
1.860403
1.865567
1.776490
1.600916
1.412432
1.363375
1.421469
1.533785
1.527330
1.443416
1.438252
1.453744
1.427924
1.427924
1.471818
1.440834
1.449871
1.417596
1.386613
1.386613
1.427924
1.436961
1.455035
1.422760
1.391777
1.360793
1.306572
1.257515
1.249769
1.256224
1.309154
1.360793
1.329810
1.327228
1.349174
1.336264
1.367248
1.381449
1.391777
1.407269
1.429215
1.417596
1.415014
1.439543
1.562186
1.599625
1.577678
1.447289
1.301408
1.231695
1.236859
1.315609
1.403396
1.359502
1.307863
1.338846
1.319482
1.276879
1.257515
1.280752
1.291080
1.245896
1.173601
1.209748
1.275588
1.291080
1.194256
1.222658
1.324646
1.368539
1.374994
1.363375
1.452453
1.502801
1.504092
1.464072
1.545404
1.532494
1.461490
1.360793
1.221367
1.120670
1.121961
1.137453
1.222658
1.364666
1.427924
1.398232
1.324646
1.249769
1.207166
1.285916
1.373703
1.372412
1.449871
1.555732
1.673211
1.727432
1.700322
1.634482
1.559605
1.531203
1.550568
1.500219
1.541531
1.586715
1.588006
1.577678
1.600916
1.538949
1.482146
1.493764
1.483437
1.380158
1.306572
1.278170
1.274297
1.229113
1.248478
1.258806
1.350465
1.400814
1.320773
1.276879
1.294953
1.298826
1.298826
1.333683
1.382740
1.504092
1.558314
1.549277
1.549277
1.500219
1.515711
1.620281
1.653846
1.630609
1.537658
1.456326
1.456326
1.384031
1.323355
1.234277
1.145199
1.124543
1.088396
1.045793
1.031593
1.149072
1.315609
1.440834
1.451162
1.464072
1.537658
1.515711
1.523457
1.447289
1.413723
1.434379
1.398232
1.369830
1.408560
1.501510
1.573805
1.536367
1.471818
1.493764
1.471818
1.483437
1.479564
1.368539
1.354338
1.359502
1.389195
1.413723
1.442125
1.426633
1.386613
1.380158
1.318191
1.239441
1.276879
1.415014
1.438252
1.387904
1.395650
1.405978
1.400814
1.391777
1.377576
1.325937
1.356920
1.345301
1.305281
1.211039
1.200711
1.239441
1.314318
1.306572
1.301408
1.267842
1.296244
1.322064
1.377576
1.492473
1.571223
1.620281
1.664174
1.595752
1.424051
1.303990
1.316900
1.327228
1.391777
1.417596
1.404687
1.444707
1.413723
1.396941
1.319482
1.151654
1.124543
1.167146
1.287207
1.313027
1.347883
1.371121
1.420178
1.436961
1.474400
1.462781
1.408560
1.341428
1.342719
1.405978
1.431797
1.487309
1.578969
1.647391
1.635772
1.550568
1.590588
1.572514
1.466654
1.415014
1.356920
1.283334
1.242023
1.181347
1.169728
1.199420
1.208457
1.275588
1.349174
1.332392
1.320773
1.279461
1.257515
1.181347
1.146490
1.171019
1.296244
1.337555
1.421469
1.529912
1.575096
1.567350
1.498928
1.420178
1.378867
1.328519
1.353047
1.398232
1.453744
1.524748
1.608662
1.656428
1.608662
1.510547
1.545404
1.541531
1.638354
1.661592
1.631900
1.519584
1.394359
1.316900
1.256224
1.198129
1.194256
1.177474
1.204584
1.305281
1.278170
1.258806
1.318191
1.319482
1.336264
1.491182
1.599625
1.582842
1.506674
1.440834
1.436961
1.439543
1.471818
1.380158
1.282043
1.216203
1.169728
1.114215
1.132289
1.150363
1.220076
1.291080
1.306572
1.291080
1.282043
1.394359
1.480855
1.493764
1.489891
1.526039
1.563477
1.580260
1.480855
1.439543
1.407269
1.373703
1.425342
1.480855
1.478273
1.506674
1.480855
1.497637
1.496346
1.507965
1.523457
1.591879
1.633191
1.524748
1.502801
1.456326
1.329810
1.242023
1.263969
1.284625
1.386613
1.444707
1.529912
1.591879
1.648682
1.606080
1.492473
1.398232
1.307863
1.314318
1.376285
1.333683
1.344010
1.394359
1.422760
1.457617
1.444707
1.350465
1.297535
1.221367
1.205875
1.177474
1.195547
1.293662
1.380158
1.400814
1.341428
1.273006
1.311736
1.328519
1.267842
1.248478
1.322064
1.351756
1.398232
1.475691
1.558314
1.608662
1.496346
1.297535
1.205875
1.164564
1.149072
1.178765
1.225240
1.234277
1.226531
1.152945
1.134871
1.158109
1.125834
1.141326
1.198129
1.235568
1.273006
1.284625
1.369830
1.474400
1.488600
1.498928
1.510547
1.469236
1.411141
1.349174
1.300117
1.331101
1.333683
1.390486
1.429215
1.403396
1.426633
1.436961
1.430506
1.435670
1.504092
1.546695
1.599625
1.607371
1.527330
1.527330
1.595752
1.634482
1.600916
1.553150
1.523457
1.502801
1.510547
1.462781
1.373703
1.333683
1.301408
1.269133
1.266551
1.327228
1.408560
1.495055
1.550568
1.547986
1.549277
1.607371
1.653846
1.591879
1.493764
1.426633
1.345301
1.303990
1.311736
1.278170
1.276879
1.278170
1.205875
1.133580
1.110343
1.167146
1.313027
1.417596
1.504092
1.604789
1.675793
1.635772
1.606080
1.559605
1.528621
1.493764
1.445998
1.415014
1.427924
1.461490
1.529912
1.567350
1.489891
1.325937
1.256224
1.218785
1.240732
1.278170
1.285916
1.253642
1.217494
1.202002
1.186511
1.143908
1.103888
1.048375
1.118088
1.251060
1.416305
1.549277
1.604789
1.692576
1.777781
1.771326
1.804891
1.764871
1.702904
1.631900
1.505383
1.479564
1.470527
1.371121
1.320773
1.325937
1.346592
1.301408
1.211039
1.145199
1.128416
1.181347
1.230404
1.338846
1.378867
1.386613
1.360793
1.380158
1.327228
1.243314
1.178765
1.159400
1.194256
1.231695
1.238150
1.313027
1.389195
1.447289
1.447289
1.496346
1.604789
1.736469
1.744215
1.634482
1.550568
1.505383
1.483437
1.488600
1.566059
1.567350
1.567350
1.470527
1.364666
1.309154
1.287207
1.239441
1.257515
1.263969
1.238150
1.231695
1.263969
1.314318
1.378867
1.395650
1.404687
1.394359
1.354338
1.297535
1.291080
1.226531
1.200711
1.263969
1.390486
1.484728
1.564768
1.538949
1.474400
1.444707
1.471818
1.604789
1.612535
1.640936
1.628027
1.612535
1.537658
1.461490
1.426633
1.360793
1.310445
1.247187
1.329810
1.413723
1.424051
1.398232
1.378867
1.322064
1.242023
1.242023
1.258806
1.248478
1.195547
1.267842
1.341428
1.349174
1.319482
1.332392
1.356920
1.439543
1.491182
1.484728
1.433088
1.342719
1.257515
1.174892
1.114215
1.118088
1.167146
1.183929
1.252351
1.340137
1.425342
1.455035
1.464072
1.478273
1.417596
1.372412
1.313027
1.307863
1.349174
1.443416
1.400814
1.340137
1.333683
1.407269
1.425342
1.458908
1.582842
1.554441
1.460199
1.362084
1.434379
1.510547
1.569932
1.595752
1.602207
1.581551
1.563477
1.510547
1.415014
1.341428
1.395650
1.418887
1.359502
1.346592
1.351756
1.398232
1.373703
1.279461
1.211039
1.266551
1.332392
1.412432
1.453744
1.444707
1.442125
1.369830
1.323355
1.267842
1.238150
1.283334
1.362084
1.400814
1.475691
1.554441
1.617699
1.599625
1.567350
1.526039
1.471818
1.413723
1.393068
1.443416
1.460199
1.456326
1.418887
1.439543
1.479564
1.496346
1.510547
1.500219
1.529912
1.581551
1.602207
1.532494
1.384031
1.254933
1.128416
1.058703
1.029011
1.066449
1.151654
1.217494
1.240732
1.247187
1.225240
1.185220
1.183929
1.202002
1.234277
1.245896
1.307863
1.338846
1.338846
1.447289
1.566059
1.524748
1.458908
1.491182
1.547986
1.567350
1.542822
1.536367
1.544113
1.647391
1.688703
1.563477
1.489891
1.436961
1.394359
1.336264
1.324646
1.377576
1.439543
1.447289
1.411141
1.356920
1.333683
1.351756
1.359502
1.350465
1.298826
1.260097
1.249769
1.278170
1.301408
1.377576
1.358211
1.283334
1.244605
1.249769
1.291080
1.359502
1.333683
1.331101
1.403396
1.404687
1.382740
1.396941
1.371121
1.431797
1.443416
1.473109
1.559605
1.612535
1.634482
1.562186
1.546695
1.507965
1.495055
1.353047
1.257515
1.301408
1.407269
1.431797
1.509256
1.500219
1.440834
1.327228
1.289789
1.288498
1.302699
1.300117
1.282043
1.240732
1.227822
1.226531
1.239441
1.282043
1.322064
1.402105
1.505383
1.655137
1.708068
1.669338
1.573805
1.420178
1.265260
1.271715
1.280752
1.252351
1.208457
1.234277
1.238150
1.267842
1.310445
1.424051
1.524748
1.470527
1.381449
1.372412
1.384031
1.518293
1.622863
1.666756
1.668047
1.602207
1.568641
1.593170
1.567350
1.518293
1.517002
1.531203
1.568641
1.617699
1.559605
1.541531
1.467945
1.418887
1.378867
1.374994
1.399523
1.447289
1.413723
1.369830
1.293662
1.160691
1.112924
1.088396
1.106470
1.142617
1.195547
1.310445
1.310445
1.294953
1.371121
1.420178
1.386613
1.310445
1.221367
1.238150
1.341428
1.435670
1.476982
1.465363
1.399523
1.391777
1.254933
1.114215
1.001900
0.976080
0.920568
0.990281
1.103888
1.262678
1.354338
1.407269
1.377576
1.442125
1.479564
1.555732
1.551859
1.541531
1.682248
1.794563
1.848785
1.813928
1.664174
1.547986
1.504092
1.409851
1.376285
1.473109
1.514420
1.595752
1.626736
1.699031
1.700322
1.680957
1.670629
1.567350
1.492473
1.377576
1.167146
1.049666
1.038047
1.031593
1.032884
1.094851
1.111634
1.124543
1.124543
1.094851
1.050957
1.087105
1.174892
1.243314
1.309154
1.402105
1.440834
1.442125
1.473109
1.575096
1.545404
1.462781
1.382740
1.367248
1.316900
1.261388
1.292371
1.395650
1.504092
1.584133
1.666756
1.664174
1.586715
1.509256
1.473109
1.476982
1.382740
1.356920
1.333683
1.313027
1.282043
1.247187
1.208457
1.280752
1.311736
1.371121
1.387904
1.381449
1.407269
1.427924
1.380158
1.413723
1.484728
1.518293
1.529912
1.502801
1.411141
1.332392
1.276879
1.207166
1.058703
0.945097
1.000609
1.164564
1.300117
1.327228
1.363375
1.372412
1.358211
1.391777
1.487309
1.544113
1.648682
1.779072
1.843621
1.753252
1.625445
1.538949
1.514420
1.427924
1.316900
1.296244
1.354338
1.415014
1.394359
1.318191
1.320773
1.342719
1.363375
1.411141
1.417596
1.393068
1.421469
1.466654
1.555732
1.563477
1.519584
1.461490
1.393068
1.430506
1.469236
1.445998
1.393068
1.378867
1.349174
1.373703
1.415014
1.475691
1.538949
1.602207
1.599625
1.542822
1.447289
1.381449
1.279461
1.229113
1.287207
1.274297
1.262678
1.284625
1.331101
1.395650
1.448580
1.452453
1.421469
1.387904
1.328519
1.318191
1.289789
1.094851
1.026429
1.102597
1.278170
1.469236
1.470527
1.315609
1.253642
1.311736
1.416305
1.616408
1.782945
1.789399
1.736469
1.680957
1.560895
1.411141
1.258806
1.207166
1.211039
1.258806
1.279461
1.359502
1.452453
1.527330
1.455035
1.455035
1.492473
1.504092
1.513129
1.538949
1.489891
1.482146
1.500219
1.455035
1.378867
1.320773
1.276879
1.260097
1.244605
1.309154
1.309154
1.273006
1.254933
1.235568
1.266551
1.322064
1.409851
1.509256
1.551859
1.600916
1.559605
1.486018
1.407269
1.302699
1.160691
1.026429
1.013519
1.109052
1.137453
1.227822
1.285916
1.362084
1.418887
1.476982
1.491182
1.483437
1.426633
1.344010
1.377576
1.433088
1.488600
1.538949
1.440834
1.327228
1.114215
1.070322
1.141326
1.196838
1.238150
1.325937
1.443416
1.489891
1.510547
1.475691
1.407269
1.373703
1.368539
1.344010
1.247187
1.124543
1.087105
1.174892
1.239441
1.442125
1.615117
1.686121
1.628027
1.488600
1.394359
1.349174
1.385322
1.470527
1.575096
1.691285
1.759707
1.810055
1.749379
1.680957
1.604789
1.549277
1.466654
1.269133
1.167146
1.159400
1.120670
1.165855
1.236859
1.257515
1.301408
1.365957
1.381449
1.313027
1.270424
1.279461
1.249769
1.205875
1.178765
1.256224
1.395650
1.493764
1.529912
1.484728
1.531203
1.608662
1.608662
1.566059
1.566059
1.529912
1.491182
1.478273
1.415014
1.331101
1.279461
1.399523
1.487309
1.500219
1.390486
1.267842
1.163273
1.158109
1.110343
1.136162
1.205875
1.292371
1.469236
1.652555
1.781654
1.855240
1.887514
1.891387
1.980465
1.903006
1.706777
1.560895
1.480855
1.373703
1.276879
1.182638
1.061285
1.031593
1.050957
1.155527
1.298826
1.364666
1.356920
1.355629
1.418887
1.430506
1.436961
1.427924
1.381449
1.365957
1.402105
1.424051
