1.438550
1.434685
1.437261
1.437261
1.439838
1.437261
1.441126
1.439838
1.446280
1.443703
1.447568
1.443703
1.446280
1.448856
1.446280
1.446280
1.446280
1.448856
1.451433
1.446280
1.446280
1.442415
1.443703
1.437261
1.441126
1.434685
1.441126
1.437261
1.442415
1.441126
1.441126
1.438550
1.442415
1.437261
1.444991
1.437261
1.443703
1.441126
1.437261
1.437261
1.443703
1.442415
1.448856
1.443703
1.451433
1.441126
1.447568
1.439838
1.446280
1.432108
1.442415
1.437261
1.444991
1.437261
1.442415
1.438550
1.439838
1.430820
1.435973
1.430820
1.444991
1.439838
1.444991
1.435973
1.442415
1.434685
1.444991
1.438550
1.444991
1.437261
1.430820
1.437261
1.442415
1.435973
1.444991
1.438550
1.381862
1.438550
1.443703
1.435973
1.444991
1.438550
1.441126
1.437261
1.444991
1.435973
1.450145
1.441126
1.447568
1.442415
1.447568
1.444991
1.450145
1.443703
1.446280
1.441126
1.444991
1.437261
1.442415
1.439838
1.443703
1.438550
1.441126
1.432108
1.435973
1.430820
1.437261
1.432108
1.438550
1.437261
1.439838
1.432108
1.438550
1.429531
1.438550
1.432108
1.439838
1.434685
1.441126
1.438550
1.443703
1.435973
1.442415
1.437261
1.450145
1.437261
1.444991
1.435973
1.442415
1.437261
1.447568
1.441126
1.448856
1.442415
1.450145
1.443703
1.448856
1.444991
1.450145
1.442415
1.444991
1.433396
1.442415
1.419224
1.442415
1.432108
1.434685
1.438550
1.441126
1.414071
1.443703
1.434685
1.444991
1.430820
1.442415
1.434685
1.444991
1.435973
1.443703
1.434685
1.442415
1.432108
1.444991
1.434685
1.447568
1.435973
1.447568
1.435973
1.438550
1.430820
1.437261
1.432108
1.441126
1.423089
1.442415
1.419224
1.439838
1.398611
1.438550
1.425666
1.438550
1.425666
1.438550
1.417936
1.443703
1.432108
1.446280
1.434685
1.448856
1.426955
1.452721
1.439838
1.446280
1.430820
1.444991
1.424378
1.444991
1.425666
1.443703
1.408918
1.446280
1.438550
1.446280
1.437261
1.444991
1.301985
1.441126
1.430820
1.429531
1.425666
1.439838
1.425666
1.438550
1.428243
1.447568
1.441126
1.448856
1.437261
1.444991
1.426955
1.441126
1.424378
1.434685
1.407629
1.443703
1.432108
1.446280
1.429531
1.441126
1.428243
1.439838
1.435973
1.442415
1.412783
1.444991
1.424378
1.447568
1.429531
1.446280
1.429531
1.443703
1.433396
1.442415
1.430820
1.438550
1.433396
1.417936
1.426955
1.443703
1.421801
1.441126
1.421801
1.442415
1.433396
1.441126
1.435973
1.443703
1.428243
1.441126
1.426955
1.443703
1.408918
1.442415
1.410206
1.441126
1.428243
1.432108
1.433396
1.439838
1.432108
1.443703
1.424378
1.441126
1.410206
1.441126
1.396034
1.444991
1.426955
1.444991
1.416648
1.447568
1.424378
1.433396
1.417936
1.438550
1.411494
1.430820
1.415359
1.439838
1.370267
1.442415
1.428243
1.448856
1.435973
1.447568
1.442415
1.447568
1.420513
1.443703
1.407629
1.444991
1.412783
1.439838
1.399899
1.439838
1.390881
1.446280
1.429531
1.444991
1.376709
1.439838
1.415359
1.439838
1.417936
1.437261
1.393457
1.442415
1.403764
1.447568
1.421801
1.446280
1.430820
1.444991
1.430820
1.446280
1.374132
1.442415
1.419224
1.443703
1.368979
1.408918
1.385727
1.425666
1.403764
1.434685
1.405053
1.443703
1.407629
1.443703
1.392169
1.442415
1.411494
1.387016
1.432108
1.434685
1.408918
1.441126
1.405053
1.439838
1.402476
1.437261
1.403764
1.443703
1.218242
1.438550
1.410206
1.433396
1.396034
1.437261
1.401188
1.443703
1.412783
1.441126
1.387016
1.446280
1.415359
1.446280
1.417936
1.447568
1.406341
1.448856
1.402476
1.452721
1.372844
1.450145
1.442415
1.444991
1.434685
1.443703
1.419224
1.442415
1.416648
1.437261
1.424378
1.439838
1.393457
1.432108
1.403764
1.439838
1.397323
1.442415
1.407629
1.439838
1.403764
1.435973
1.402476
1.429531
1.379286
1.432108
1.394746
1.433396
1.405053
1.438550
1.433396
1.437261
1.370267
1.433396
1.375421
1.446280
1.392169
1.443703
1.437261
1.424378
1.437261
1.430820
1.323887
1.441126
1.441126
1.432108
1.372844
1.447568
1.399899
1.441126
1.401188
1.331617
1.210512
1.439838
1.371556
1.443703
1.343212
1.443703
1.356095
1.446280
1.397323
1.447568
1.341924
1.439838
1.358672
1.438550
1.362537
1.433396
1.325175
1.439838
1.356095
1.434685
1.396034
1.441126
1.294255
1.444991
1.367691
1.444991
1.371556
1.443703
1.359960
1.439838
1.384439
1.442415
1.345789
1.358672
1.380574
1.442415
1.357384
1.432108
1.372844
1.432108
1.365114
1.426955
1.350942
1.441126
1.350942
1.442415
1.376709
1.433396
1.420513
1.446280
1.402476
1.419224
1.415359
1.441126
1.365114
1.441126
1.344500
1.447568
1.368979
1.444991
1.343212
1.443703
1.285236
1.444991
1.332905
1.444991
1.338059
1.446280
1.356095
1.446280
1.321310
1.443703
1.317445
1.442415
1.345789
1.433396
1.312292
1.435973
1.343212
1.441126
1.329040
1.443703
1.365114
1.442415
1.316157
1.442415
1.300696
1.416648
1.317445
1.438550
1.296831
1.443703
1.295543
1.426955
1.363825
1.435973
1.321310
1.442415
1.298120
1.434685
1.308427
1.437261
1.308427
1.434685
1.335482
1.439838
1.169285
1.430820
1.332905
1.448856
1.322598
1.444991
1.327752
1.441126
1.347077
1.434685
1.308427
1.438550
1.314868
1.434685
1.313580
1.435973
1.329040
1.442415
1.327752
1.438550
1.327752
1.447568
1.344500
1.447568
1.162843
1.438550
1.317445
1.438550
1.349654
1.443703
1.330328
1.444991
1.341924
1.443703
1.367691
1.271064
1.377997
1.437261
1.347077
1.443703
1.344500
1.446280
1.363825
1.442415
1.313580
1.435973
1.311003
1.443703
1.332905
1.443703
1.340635
1.447568
1.294255
1.434685
1.353519
1.443703
1.334193
1.441126
1.338059
1.433396
1.371556
1.443703
1.354807
1.438550
1.294255
1.437261
1.307138
1.434685
1.350942
1.444991
1.313580
1.450145
1.374132
1.450145
1.241432
1.359960
1.282660
1.432108
1.308427
1.421801
1.313580
1.429531
1.323887
1.435973
1.340635
1.433396
1.345789
1.443703
1.339347
1.446280
1.442415
1.244009
1.325175
1.434685
1.347077
1.425666
1.344500
1.446280
1.344500
1.452721
1.133211
1.425666
1.385727
1.437261
1.366402
1.437261
1.314868
1.447568
1.381862
1.444991
1.303273
1.446280
1.213089
1.441126
1.343212
1.416648
1.308427
1.434685
1.294255
1.443703
1.272353
1.434685
1.274930
1.439838
1.317445
1.432108
1.283948
1.437261
1.313580
1.398611
1.231126
1.429531
1.295543
1.432108
1.260758
1.126770
1.285236
1.433396
1.281371
1.435973
1.303273
1.441126
1.335482
1.441126
1.374132
1.448856
1.254316
1.444991
1.313580
1.428243
1.312292
1.439838
1.289101
1.433396
1.317445
1.439838
1.286525
1.420513
1.269776
1.446280
1.254316
1.443703
1.292966
1.444991
1.241432
1.434685
1.294255
1.439838
1.281371
1.443703
1.215666
1.432108
1.278795
1.432108
1.254316
1.425666
1.289101
1.434685
1.276218
1.428243
1.412783
1.447568
1.030143
1.441126
1.336770
1.433396
1.278795
1.437261
1.301985
1.429531
1.251739
1.435973
1.374132
1.326463
1.250451
1.438550
1.238856
1.439838
1.269776
1.423089
1.285236
1.435973
1.258181
1.434685
1.256893
1.441126
1.263334
1.448856
1.255604
1.452721
1.233702
1.437261
1.247874
1.437261
1.312292
1.437261
1.258181
1.425666
1.272353
1.439838
1.260758
1.435973
1.305850
1.444991
1.283948
1.443703
1.305850
1.435973
1.277506
1.402476
1.244009
1.442415
1.267199
1.439838
1.241432
1.441126
1.263334
1.443703
1.249163
1.441126
1.265911
1.433396
1.276218
1.326463
1.439838
1.439838
1.269776
1.439838
1.272353
1.426955
1.259469
1.430820
1.318733
1.441126
1.285236
1.428243
1.240144
1.438550
1.254316
1.438550
1.197629
1.443703
1.247874
1.441126
1.242721
1.425666
1.158978
1.441126
1.287813
1.439838
1.244009
1.444991
1.233702
1.438550
1.215666
1.437261
1.271064
1.433396
1.246586
1.441126
1.264623
1.434685
1.286525
1.439838
1.236279
1.444991
1.214377
1.441126
1.244009
1.430820
1.258181
1.441126
1.242721
1.416648
1.225972
1.437261
1.238856
1.430820
1.278795
1.411494
1.067506
1.429531
1.219531
1.425666
1.247874
1.437261
1.232414
1.437261
1.247874
1.425666
1.250451
1.450145
0.994070
1.457875
1.430820
1.305850
1.298120
1.432108
1.263334
1.421801
1.246586
1.433396
1.234991
1.432108
1.251739
1.439838
1.191187
1.442415
1.223396
1.432108
1.260758
1.433396
1.231126
1.430820
1.246586
1.429531
1.262046
1.432108
1.251739
1.399899
1.268488
1.430820
1.269776
1.444991
1.251739
1.448856
1.219531
1.425666
1.267199
1.438550
1.245298
1.420513
1.216954
1.412783
1.272353
1.420513
1.215666
1.416648
1.263334
1.430820
1.251739
1.417936
1.196340
1.408918
1.223396
1.423089
1.241432
1.419224
1.201494
1.426955
1.106156
1.424378
1.174438
1.428243
1.209224
1.401188
1.222107
1.367691
1.258181
1.323887
1.211800
1.327752
1.124193
1.326463
1.278795
1.334193
1.250451
1.329040
1.218242
1.320022
1.295543
1.320022
1.244009
1.331617
1.093273
1.318733
1.300696
1.339347
1.280083
1.335482
1.263334
1.320022
1.247874
1.320022
1.249163
1.317445
1.265911
1.327752
1.236279
1.347077
1.242721
1.347077
1.214377
1.325175
1.171862
1.327752
1.250451
1.332905
1.215666
1.323887
1.237567
1.321310
1.231126
1.323887
1.344500
1.330328
1.236279
1.322598
1.216954
1.347077
1.251739
1.331617
1.228549
1.325175
1.255604
1.330328
1.398611
1.352230
1.292966
1.330328
1.269776
1.322598
1.285236
1.329040
1.259469
1.326463
1.256893
1.329040
1.269776
1.340635
1.291678
1.331617
1.272353
1.330328
1.366402
1.330328
1.423089
1.331617
1.434685
1.318733
1.438550
1.327752
1.435973
1.331617
1.434685
1.327752
1.437261
1.344500
1.435973
1.323887
1.432108
1.332905
1.435973
1.331617
1.434685
1.329040
1.432108
1.318733
1.437261
1.354807
1.433396
1.325175
1.432108
1.323887
1.434685
1.327752
1.437261
1.321310
1.443703
1.329040
1.447568
1.372844
1.444991
1.334193
1.441126
1.330328
1.437261
1.309715
1.428243
1.320022
1.432108
1.314868
1.435973
1.325175
1.435973
1.323887
1.433396
1.335482
1.437261
1.338059
1.438550
1.325175
1.438550
1.326463
1.442415
1.332905
1.442415
1.320022
1.451433
1.340635
1.451433
1.329040
1.443703
1.329040
1.439838
1.339347
1.437261
1.329040
1.439838
1.321310
1.441126
1.336770
1.439838
1.326463
1.443703
1.331617
1.443703
1.329040
1.439838
1.322598
1.438550
1.321310
1.437261
1.322598
1.434685
1.335482
1.442415
1.331617
1.441126
1.327752
1.442415
1.327752
1.443703
1.330328
1.446280
1.329040
1.443703
1.331617
1.441126
1.329040
1.441126
1.330328
1.446280
1.334193
1.443703
1.312292
1.441126
1.323887
1.439838
1.322598
1.444991
1.330328
1.446280
1.332905
1.443703
1.330328
1.444991
1.327752
1.446280
1.309715
1.443703
1.323887
1.443703
1.322598
1.439838
1.320022
1.439838
1.321310
1.438550
1.322598
1.439838
1.312292
1.438550
1.318733
1.438550
1.322598
1.437261
1.318733
1.437261
1.323887
1.441126
1.325175
1.444991
1.326463
1.443703
1.330328
1.446280
1.339347
1.446280
1.325175
1.444991
1.329040
1.447568
1.326463
1.443703
1.314868
1.441126
1.313580
1.441126
1.321310
1.439838
1.322598
1.441126
1.332905
1.442415
1.318733
1.439838
1.322598
1.441126
1.322598
1.442415
1.358672
1.444991
1.327752
1.447568
1.331617
1.448856
1.334193
1.446280
1.331617
1.443703
1.321310
1.446280
1.327752
1.442415
1.325175
1.442415
1.323887
1.442415
1.321310
1.446280
1.322598
1.444991
1.317445
1.443703
1.323887
1.443703
1.325175
1.446280
1.318733
1.442415
1.314868
1.442415
1.327752
1.441126
1.314868
1.435973
1.326463
1.444991
1.322598
1.446280
1.326463
1.444991
1.325175
1.444991
1.318733
1.441126
1.326463
1.442415
1.318733
1.446280
1.329040
1.441126
1.281371
1.442415
1.316157
1.452721
1.325175
1.447568
1.321310
1.447568
1.317445
1.442415
1.316157
1.443703
1.314868
1.438550
1.331617
1.439838
1.326463
1.447568
1.325175
1.448856
1.323887
1.446280
1.318733
1.443703
1.316157
1.450145
1.312292
1.448856
1.321310
1.444991
1.313580
1.442415
1.318733
1.443703
1.331617
1.447568
1.311003
1.444991
1.312292
1.439838
1.309715
1.439838
1.308427
1.441126
1.305850
1.439838
1.303273
1.439838
1.305850
1.439838
1.299408
1.444991
1.314868
1.444991
1.312292
1.438550
1.307138
1.442415
1.311003
1.448856
1.309715
1.448856
1.314868
1.446280
1.300696
1.441126
1.303273
1.443703
1.312292
1.444991
1.304562
1.444991
1.305850
1.444991
1.298120
1.442415
1.300696
1.447568
1.285236
1.441126
1.299408
1.444991
1.298120
1.442415
1.307138
1.442415
1.298120
1.441126
1.285236
1.442415
1.301985
1.433396
1.323887
1.439838
1.290390
1.443703
1.313580
1.443703
1.289101
1.442415
1.287813
1.443703
1.264623
1.443703
1.285236
1.446280
1.323887
1.448856
1.267199
1.394746
1.280083
1.443703
1.295543
1.442415
1.291678
1.441126
1.281371
1.444991
1.282660
1.447568
1.370267
1.447568
1.174438
1.443703
1.272353
1.443703
1.281371
1.441126
1.271064
1.439838
1.299408
1.443703
1.273641
1.446280
1.272353
1.450145
1.276218
1.452721
1.259469
1.451433
1.233702
1.444991
1.274930
1.439838
1.259469
1.437261
1.263334
1.438550
1.290390
1.437261
1.263334
1.441126
1.295543
1.447568
1.245298
1.446280
1.269776
1.444991
1.260758
1.443703
1.442415
1.432108
1.287813
1.443703
1.276218
1.448856
1.276218
1.448856
1.278795
1.451433
1.283948
1.444991
1.423089
1.444991
1.263334
1.438550
1.249163
1.435973
1.274930
1.435973
1.317445
1.437261
1.278795
1.441126
1.244009
1.441126
1.281371
1.444991
1.298120
1.443703
1.313580
1.443703
1.295543
1.444991
1.318733
1.450145
1.273641
1.450145
1.282660
1.447568
1.296831
1.442415
1.322598
1.444991
1.290390
1.444991
1.256893
1.443703
1.286525
1.442415
1.301985
1.446280
1.280083
1.446280
1.294255
1.442415
1.292966
1.444991
1.272353
1.450145
1.264623
1.443703
1.334193
1.442415
1.237567
1.444991
1.311003
1.437261
1.280083
1.441126
1.251739
1.441126
1.265911
1.443703
1.321310
1.446280
1.323887
1.446280
1.268488
1.443703
1.313580
1.443703
1.298120
1.442415
1.292966
1.444991
1.259469
1.448856
1.237567
1.450145
1.361249
1.451433
1.291678
1.442415
1.371556
1.441126
1.292966
1.437261
1.263334
1.441126
1.236279
1.439838
1.334193
1.434685
1.350942
1.444991
1.295543
1.443703
1.307138
1.444991
1.282660
1.444991
1.325175
1.443703
1.309715
1.444991
1.363825
1.405053
1.314868
1.444991
1.171862
1.442415
1.273641
1.443703
1.301985
1.448856
1.309715
1.447568
1.430820
1.448856
1.059775
1.444991
1.259469
1.452721
1.457875
1.452721
1.296831
1.448856
1.446280
1.444991
1.444991
1.444991
1.426955
1.435973
1.207935
1.444991
1.448856
1.444991
1.444991
1.441126
1.063641
1.441126
1.421801
1.439838
1.151248
1.442415
1.441126
1.441126
1.233702
1.428243
1.437261
1.437261
1.435973
1.438550
1.437261
1.441126
1.442415
1.443703
1.442415
1.439838
1.437261
1.437261
1.438550
1.443703
1.442415
1.442415
1.443703
1.443703
1.444991
1.443703
1.444991
1.446280
1.446280
1.450145
1.446280
1.446280
1.443703
1.444991
1.432108
1.446280
1.441126
1.444991
1.444991
1.447568
1.446280
1.450145
1.448856
1.452721
1.451433
1.451433
1.448856
1.444991
1.446280
1.448856
1.442415
1.442415
1.444991
1.450145
1.446280
1.446280
1.444991
1.444991
1.442415
1.443703
1.447568
1.442415
1.439838
1.442415
1.439838
1.441126
1.439838
1.439838
1.439838
1.443703
1.439838
1.443703
1.447568
1.437261
1.437261
1.441126
1.439838
1.443703
1.439838
1.443703
1.441126
1.447568
1.437261
1.443703
1.441126
1.438550
1.442415
1.446280
1.444991
1.446280
1.443703
1.442415
1.438550
1.444991
1.439838
1.287813
1.443703
1.446280
1.441126
1.442415
1.434685
1.435973
1.430820
1.435973
1.430820
1.438550
1.437261
1.442415
1.438550
1.441126
1.439838
1.446280
1.442415
1.448856
1.443703
1.446280
1.441126
1.444991
1.439838
1.446280
1.438550
1.444991
1.439838
1.447568
1.442415
1.443703
1.435973
1.447568
1.446280
1.448856
1.441126
1.444991
1.438550
1.442415
1.437261
1.443703
1.437261
1.441126
1.442415
1.442415
1.437261
1.441126
1.439838
1.443703
1.441126
1.444991
1.438550
1.444991
1.438550
1.444991
1.437261
1.438550
1.437261
1.442415
1.441126
1.446280
1.439838
1.450145
1.441126
1.450145
1.441126
1.443703
1.439838
1.444991
1.441126
1.442415
1.441126
1.444991
1.438550
1.444991
1.439838
1.443703
1.437261
1.441126
1.442415
1.444991
1.442415
1.443703
1.446280
1.447568
1.442415
1.447568
1.441126
1.444991
1.433396
1.439838
1.430820
1.435973
1.432108
1.444991
1.435973
1.446280
1.441126
1.450145
1.446280
1.454010
1.444991
1.451433
1.443703
1.444991
1.435973
1.441126
1.439838
1.442415
1.442415
1.452721
1.444991
1.451433
1.444991
1.448856
1.443703
1.446280
1.441126
1.448856
1.438550
1.441126
1.428243
1.435973
1.433396
1.438550
1.432108
1.438550
1.430820
1.435973
1.433396
1.438550
1.432108
1.443703
1.437261
1.444991
1.437261
1.446280
1.442415
1.451433
1.434685
1.443703
1.438550
1.444991
1.437261
1.442415
1.438550
1.446280
1.437261
1.442415
1.434685
1.443703
1.435973
1.442415
1.435973
1.435973
1.433396
1.443703
1.437261
1.446280
1.441126
1.447568
1.437261
1.443703
1.438550
1.448856
1.435973
1.446280
1.433396
1.442415
1.432108
1.439838
1.432108
1.439838
1.434685
1.444991
1.435973
1.443703
1.430820
1.441126
1.435973
1.443703
1.443703
1.448856
1.441126
1.450145
1.441126
1.452721
1.444991
1.452721
1.442415
1.450145
1.434685
1.444991
1.434685
1.438550
1.421801
1.439838
1.432108
1.444991
1.414071
1.446280
1.437261
1.446280
1.437261
1.442415
1.434685
1.442415
1.434685
1.447568
1.437261
1.441126
1.429531
1.442415
1.434685
1.442415
1.429531
1.442415
1.430820
1.439838
1.428243
1.441126
1.426955
1.437261
1.419224
1.447568
1.433396
1.447568
1.439838
1.446280
1.432108
1.447568
1.438550
1.451433
1.435973
1.444991
1.438550
1.444991
1.438550
1.448856
1.425666
1.437261
1.430820
1.439838
1.426955
1.439838
1.432108
1.444991
1.437261
1.446280
1.385727
1.442415
1.438550
1.444991
1.405053
1.439838
1.417936
1.438550
1.415359
1.443703
1.429531
1.442415
1.442415
1.450145
1.438550
1.450145
1.432108
1.444991
1.390881
1.441126
1.412783
1.438550
1.430820
1.438550
1.428243
1.443703
1.433396
1.447568
1.434685
1.433396
1.421801
1.442415
1.437261
1.444991
1.423089
1.446280
1.429531
1.442415
1.442415
1.442415
1.425666
1.433396
1.432108
1.432108
1.430820
1.447568
1.394746
1.438550
1.429531
1.437261
1.424378
1.439838
1.433396
1.435973
1.419224
1.439838
1.410206
1.444991
1.430820
1.446280
1.435973
1.441126
1.421801
1.425666
1.424378
1.441126
1.424378
1.444991
1.420513
1.441126
1.432108
1.443703
1.430820
1.446280
1.421801
1.448856
1.432108
1.443703
1.420513
1.442415
1.416648
1.441126
1.410206
1.450145
1.429531
1.441126
1.428243
1.437261
1.412783
1.443703
1.432108
1.442415
1.428243
1.443703
1.430820
1.448856
1.416648
1.447568
1.416648
1.443703
1.434685
1.442415
1.428243
1.455298
1.428243
1.450145
1.439838
1.443703
1.410206
1.443703
1.412783
1.438550
1.430820
1.428243
1.403764
1.441126
1.416648
1.441126
1.434685
1.443703
1.399899
1.444991
1.433396
1.443703
1.420513
1.448856
1.394746
1.446280
1.401188
1.439838
1.421801
1.437261
1.408918
1.441126
1.414071
1.439838
1.416648
1.439838
1.429531
1.437261
1.410206
1.441126
1.429531
1.446280
1.412783
1.435973
1.414071
1.442415
1.433396
1.439838
1.381862
1.435973
1.429531
1.443703
1.390881
1.443703
1.428243
1.442415
1.390881
1.448856
1.416648
1.447568
1.434685
1.301985
1.405053
1.446280
1.425666
1.437261
1.389592
1.442415
1.424378
1.443703
1.367691
1.441126
1.430820
1.432108
1.421801
1.439838
1.403764
1.439838
1.384439
1.441126
1.407629
1.439838
1.419224
1.437261
1.417936
1.446280
1.416648
1.446280
1.347077
1.443703
1.389592
1.441126
1.377997
1.439838
1.429531
1.444991
1.416648
1.447568
1.414071
1.443703
1.419224
1.443703
1.424378
1.437261
1.379286
1.438550
1.406341
1.442415
1.435973
1.448856
1.439838
1.444991
1.398611
1.442415
1.403764
1.433396
1.394746
1.442415
1.434685
1.442415
1.380574
1.442415
1.406341
1.446280
1.379286
1.444991
1.426955
1.443703
1.402476
1.446280
1.426955
1.446280
1.393457
1.444991
1.399899
1.441126
1.405053
1.441126
1.407629
1.443703
1.419224
1.443703
1.435973
1.444991
1.441126
1.439838
1.388304
1.434685
1.385727
1.439838
1.416648
1.442415
1.387016
1.444991
1.398611
1.446280
1.398611
1.447568
1.429531
1.452721
1.435973
1.443703
1.398611
1.444991
1.362537
1.429531
1.434685
1.438550
1.372844
1.412783
1.350942
1.380574
1.402476
1.450145
1.434685
1.421801
1.434685
1.438550
1.366402
1.432108
1.435973
1.430820
1.399899
1.447568
1.362537
1.434685
1.423089
1.437261
1.365114
1.439838
1.325175
1.441126
1.396034
1.435973
1.366402
1.442415
1.410206
1.446280
1.365114
1.444991
1.362537
1.434685
1.370267
1.442415
1.368979
1.424378
1.384439
1.429531
1.396034
1.437261
1.362537
1.444991
1.376709
1.441126
1.146095
1.443703
1.417936
1.434685
1.353519
1.444991
1.375421
1.439838
1.416648
1.439838
1.377997
1.438550
1.352230
1.426955
1.348365
1.446280
1.398611
1.442415
1.368979
1.441126
1.370267
1.437261
1.408918
1.442415
1.365114
1.442415
1.210512
1.442415
1.433396
1.438550
1.376709
1.419224
1.349654
1.434685
1.368979
1.439838
1.411494
1.437261
1.362537
1.435973
1.359960
1.441126
1.380574
1.447568
1.347077
1.451433
1.336770
1.448856
1.371556
1.435973
1.323887
1.442415
1.299408
1.439838
1.356095
1.442415
1.294255
1.447568
1.274930
1.290390
1.320022
1.444991
1.340635
1.442415
1.303273
1.443703
1.327752
1.441126
1.344500
1.441126
1.300696
1.439838
1.350942
1.448856
1.335482
1.443703
1.321310
1.218242
1.329040
1.414071
1.338059
1.441126
1.350942
1.442415
1.344500
1.446280
1.363825
1.451433
1.367691
1.444991
1.336770
1.430820
1.376709
1.429531
1.314868
1.433396
1.314868
1.434685
1.309715
1.433396
1.322598
1.450145
1.309715
1.452721
1.303273
1.446280
1.309715
1.444991
1.305850
1.441126
1.296831
1.434685
1.338059
1.450145
1.311003
1.438550
1.320022
1.441126
1.303273
1.438550
1.300696
1.438550
1.339347
1.437261
1.334193
1.448856
1.340635
1.446280
1.290390
1.443703
1.296831
1.442415
1.303273
1.434685
1.358672
1.441126
1.303273
1.438550
1.292966
1.446280
1.327752
1.437261
1.299408
1.437261
1.274930
1.441126
1.312292
1.444991
1.303273
1.435973
1.375421
1.446280
1.320022
1.454010
1.332905
1.441126
1.341924
1.439838
1.317445
1.428243
1.301985
1.441126
1.353519
1.443703
1.374132
1.442415
1.339347
1.444991
1.327752
1.444991
1.331617
1.439838
1.321310
1.438550
1.321310
1.441126
1.304562
1.448856
1.370267
1.441126
1.344500
1.425666
1.353519
1.448856
1.442415
1.446280
1.321310
1.439838
1.354807
1.429531
1.343212
1.433396
1.372844
1.442415
1.322598
1.452721
1.327752
1.448856
1.299408
1.296831
1.335482
1.443703
1.300696
1.435973
1.348365
1.443703
1.330328
1.439838
1.363825
1.441126
1.341924
1.444991
1.343212
1.437261
1.291678
1.428243
1.300696
1.429531
1.326463
1.437261
1.314868
1.437261
1.325175
1.439838
1.336770
1.439838
1.331617
1.434685
1.348365
1.446280
1.357384
1.434685
1.348365
1.448856
1.240144
1.439838
1.345789
1.443703
1.362537
1.442415
1.305850
1.443703
1.335482
1.444991
1.317445
1.443703
1.408918
1.450145
1.348365
1.433396
1.358672
1.430820
1.289101
1.419224
1.313580
1.434685
1.318733
1.433396
1.308427
1.441126
1.287813
1.451433
1.353519
1.451433
1.072659
1.446280
1.353519
1.443703
1.312292
1.434685
1.262046
1.444991
1.229837
1.454010
1.325175
1.441126
1.301985
1.442415
1.348365
1.439838
1.321310
1.438550
1.358672
1.435973
1.307138
1.426955
1.329040
1.438550
1.300696
1.439838
1.347077
1.441126
1.300696
1.447568
1.301985
1.448856
1.294255
1.443703
1.262046
1.446280
1.245298
1.442415
1.420513
1.438550
1.271064
1.428243
1.264623
1.438550
1.305850
1.442415
1.286525
1.443703
1.428243
1.446280
1.272353
1.438550
1.329040
1.438550
1.290390
1.441126
1.340635
1.435973
1.280083
1.430820
1.272353
1.448856
1.259469
1.443703
1.273641
1.447568
1.299408
1.444991
1.273641
1.439838
1.246586
1.415359
1.238856
1.435973
1.247874
1.434685
1.269776
1.432108
1.313580
1.439838
1.307138
1.448856
1.340635
1.444991
1.289101
1.415359
1.274930
1.447568
1.242721
1.444991
1.392169
1.446280
1.304562
1.155113
1.000511
1.439838
1.249163
1.416648
1.296831
1.441126
1.276218
1.444991
1.264623
1.447568
1.285236
1.256893
1.268488
1.439838
1.268488
1.432108
1.289101
1.430820
1.253028
1.442415
1.281371
1.291678
1.206647
1.439838
1.256893
1.434685
1.267199
1.450145
1.236279
1.446280
1.258181
1.442415
1.236279
1.443703
1.209224
1.448856
1.213089
1.443703
1.254316
1.444991
1.285236
1.437261
1.287813
1.441126
1.272353
1.432108
1.283948
1.439838
1.236279
1.437261
1.247874
1.429531
1.269776
1.434685
1.291678
1.443703
1.282660
1.447568
1.265911
1.434685
1.262046
1.442415
1.276218
1.444991
1.278795
1.426955
1.299408
1.435973
1.290390
1.446280
1.276218
1.439838
1.247874
1.438550
1.247874
1.439838
1.262046
1.444991
1.245298
1.441126
1.255604
1.435973
1.309715
1.441126
1.242721
1.407629
1.283948
1.435973
1.255604
1.441126
1.262046
1.443703
1.224684
1.443703
1.267199
1.416648
1.130635
1.444991
1.262046
1.439838
1.256893
1.435973
1.225972
1.441126
1.225972
1.446280
1.214377
1.444991
1.173150
1.435973
1.236279
1.428243
1.250451
1.437261
1.262046
1.432108
1.264623
1.441126
1.246586
1.448856
1.376709
1.450145
1.247874
1.443703
1.262046
1.447568
1.305850
1.435973
1.256893
1.441126
1.265911
1.443703
1.237567
1.433396
0.970879
1.438550
1.318733
1.435973
1.245298
1.442415
1.255604
1.439838
1.210512
1.421801
1.264623
1.444991
1.296831
1.444991
1.271064
1.439838
1.177015
1.437261
1.249163
1.437261
1.236279
1.444991
1.229837
1.433396
1.236279
1.442415
1.229837
1.433396
1.236279
1.435973
1.260758
1.430820
1.223396
1.443703
1.236279
1.450145
1.249163
1.442415
1.232414
1.435973
1.244009
1.438550
1.234991
1.438550
1.240144
1.437261
1.234991
1.444991
1.242721
1.438550
1.247874
1.443703
1.229837
1.432108
1.273641
1.415359
1.242721
1.415359
1.214377
1.444991
1.229837
1.441126
1.224684
1.434685
1.207935
1.438550
1.236279
1.442415
1.237567
1.438550
1.253028
1.437261
1.244009
1.420513
1.251739
1.414071
1.271064
1.394746
1.207935
1.437261
1.192475
1.428243
1.227261
1.439838
1.232414
1.429531
1.233702
1.271064
1.341924
1.403764
1.249163
1.421801
1.223396
1.425666
1.263334
1.441126
1.251739
1.446280
1.281371
1.414071
1.232414
1.433396
1.238856
1.438550
1.280083
1.435973
1.267199
1.432108
1.250451
1.441126
1.303273
1.439838
1.237567
1.437261
1.225972
1.414071
1.253028
1.435973
1.246586
1.438550
1.269776
1.432108
1.238856
1.432108
1.228549
1.420513
1.251739
1.434685
1.246586
1.443703
1.222107
1.437261
1.258181
1.421801
1.258181
1.442415
1.300696
1.423089
1.264623
1.439838
1.242721
1.443703
1.262046
1.443703
1.253028
1.434685
1.264623
1.441126
1.264623
1.430820
1.234991
1.421801
1.286525
1.439838
1.238856
1.429531
1.263334
1.443703
1.269776
1.432108
1.236279
1.444991
1.271064
1.441126
1.299408
1.434685
1.225972
1.417936
1.249163
1.432108
1.242721
1.421801
1.183457
1.430820
1.197629
1.414071
1.144806
1.283948
1.423089
1.408918
1.225972
1.417936
1.196340
1.393457
1.237567
1.414071
1.220819
1.421801
1.312292
1.438550
1.183457
1.410206
1.191187
1.415359
1.195052
1.411494
1.211800
1.397323
1.197629
1.411494
1.188610
1.390881
1.211800
1.352230
1.244009
1.363825
1.210512
1.347077
1.193764
1.326463
1.148671
1.341924
1.245298
1.314868
1.215666
1.334193
1.213089
1.332905
1.237567
1.335482
1.267199
1.339347
1.246586
1.362537
1.093273
1.358672
1.274930
1.335482
1.244009
1.336770
1.236279
1.331617
1.267199
1.322598
1.234991
1.330328
1.262046
1.332905
1.287813
1.322598
1.211800
1.332905
1.254316
1.350942
1.249163
1.339347
1.216954
1.325175
1.251739
1.352230
1.236279
1.323887
1.211800
1.330328
1.277506
1.317445
1.276218
1.334193
1.258181
1.332905
1.214377
1.323887
1.242721
1.331617
1.264623
1.354807
1.231126
1.329040
1.237567
1.336770
1.233702
1.322598
1.429531
1.313580
1.201494
1.326463
1.247874
1.307138
1.225972
1.314868
1.242721
1.299408
1.268488
1.325175
1.283948
1.348365
1.259469
1.330328
1.294255
1.352230
1.234991
1.332905
1.241432
1.292966
1.259469
1.331617
1.267199
1.331617
1.218242
1.344500
1.303273
1.327752
1.262046
1.338059
1.184745
1.322598
1.285236
1.334193
1.291678
1.330328
1.233702
1.322598
1.269776
1.314868
1.197629
1.335482
1.240144
1.338059
1.179592
1.271064
1.262046
1.322598
1.215666
1.329040
1.247874
1.331617
1.273641
1.329040
1.313580
1.327752
1.238856
1.325175
1.196340
1.335482
1.229837
1.326463
1.234991
1.327752
1.204070
1.334193
1.236279
1.331617
1.202782
1.317445
1.232414
1.332905
1.231126
1.335482
1.009530
1.325175
1.240144
1.323887
1.249163
1.331617
1.263334
1.334193
1.202782
1.327752
1.219531
1.327752
1.152536
1.340635
1.242721
1.361249
1.227261
1.334193
1.273641
1.334193
1.220819
1.330328
1.249163
1.329040
1.281371
1.331617
1.206647
1.334193
1.220819
1.292966
1.225972
1.325175
1.262046
1.323887
1.175727
1.329040
1.415359
1.262046
1.182168
1.335482
1.268488
1.317445
1.213089
1.300696
1.227261
1.317445
1.259469
1.332905
1.234991
1.340635
1.251739
1.347077
1.254316
1.343212
1.245298
1.339347
1.240144
1.323887
1.245298
1.336770
1.253028
1.330328
1.234991
1.327752
1.236279
1.330328
1.240144
1.327752
1.219531
1.327752
1.077812
1.329040
1.223396
1.332905
1.250451
1.331617
1.244009
1.330328
1.237567
1.323887
1.250451
1.286525
1.428243
1.312292
1.246586
1.329040
1.271064
1.330328
1.237567
1.331617
1.232414
1.338059
1.307138
1.332905
1.196340
1.341924
1.244009
1.332905
1.233702
1.332905
1.206647
1.330328
1.249163
1.329040
1.222107
1.330328
1.262046
1.334193
1.280083
1.332905
1.256893
1.343212
1.264623
1.334193
1.214377
1.330328
1.249163
1.334193
1.268488
1.339347
1.276218
1.323887
1.271064
1.329040
1.256893
1.322598
1.241432
1.341924
1.210512
1.326463
1.237567
1.323887
1.204070
1.330328
1.260758
1.325175
1.260758
1.326463
1.238856
1.347077
1.280083
1.330328
1.247874
1.344500
1.281371
1.327752
1.255604
1.336770
1.256893
1.339347
1.222107
1.331617
1.283948
1.338059
1.246586
1.327752
1.437261
1.332905
1.250451
1.329040
1.262046
1.330328
1.250451
1.322598
1.242721
1.323887
1.280083
1.321310
1.263334
1.332905
1.244009
1.329040
1.304562
1.326463
1.424378
1.272353
1.282660
1.329040
1.231126
1.330328
1.231126
1.323887
1.262046
1.327752
1.133211
1.332905
1.247874
1.330328
1.260758
1.336770
1.265911
1.338059
1.265911
1.350942
1.421801
1.327752
1.304562
1.332905
1.225972
1.331617
1.246586
1.334193
1.259469
1.329040
1.262046
1.330328
1.271064
1.331617
1.287813
1.338059
1.231126
1.331617
1.277506
1.327752
1.264623
1.331617
1.258181
1.329040
1.283948
1.322598
1.253028
1.327752
1.278795
1.354807
1.318733
1.339347
1.269776
1.331617
1.263334
1.322598
1.256893
1.330328
1.290390
1.341924
1.271064
1.327752
1.308427
1.320022
1.251739
1.316157
1.305850
1.320022
1.269776
1.335482
1.271064
1.320022
1.259469
1.323887
1.269776
1.332905
1.285236
1.321310
1.272353
1.344500
1.245298
1.332905
1.278795
1.316157
1.222107
1.325175
1.300696
1.325175
1.245298
1.327752
1.258181
1.322598
1.223396
1.327752
1.224684
1.334193
1.247874
1.332905
1.267199
1.336770
1.253028
1.325175
1.265911
1.336770
1.291678
1.334193
1.287813
1.340635
1.308427
1.344500
1.281371
1.335482
1.267199
1.338059
1.330328
1.332905
1.262046
1.327752
1.223396
1.323887
1.287813
1.317445
0.976033
1.330328
1.233702
1.320022
1.246586
1.323887
1.251739
1.323887
1.250451
1.336770
1.238856
1.323887
1.187322
1.338059
1.430820
1.325175
1.242721
1.329040
1.254316
1.314868
1.200205
1.326463
1.269776
1.327752
1.348365
1.338059
1.216954
1.330328
1.223396
1.335482
1.192475
1.323887
1.249163
1.327752
1.220819
1.329040
1.220819
1.335482
1.215666
1.329040
1.227261
1.325175
1.259469
1.329040
1.225972
1.335482
1.198917
1.341924
1.271064
1.313580
1.082966
1.332905
1.220819
1.332905
1.277506
1.335482
1.229837
1.331617
1.216954
1.323887
1.247874
1.228549
1.179592
1.329040
1.224684
1.329040
1.238856
1.326463
1.241432
1.334193
1.210512
1.326463
1.259469
1.362537
1.259469
1.341924
1.249163
1.325175
1.219531
1.322598
1.253028
1.323887
1.184745
1.320022
1.216954
1.325175
1.211800
1.329040
1.228549
1.348365
1.260758
1.354807
1.238856
1.329040
1.219531
1.332905
1.254316
1.325175
1.267199
1.339347
1.303273
1.305850
1.253028
1.329040
1.283948
1.318733
1.425666
1.345789
1.269776
1.327752
1.256893
1.348365
1.268488
1.300696
1.251739
1.363825
1.327752
1.332905
1.211800
1.354807
1.233702
1.304562
1.272353
1.339347
1.250451
1.301985
1.180880
1.318733
1.237567
1.362537
1.237567
1.349654
1.188610
1.350942
1.240144
1.375421
1.192475
1.410206
1.220819
1.388304
1.165420
1.435973
1.158978
1.429531
1.198917
1.429531
1.179592
1.424378
1.211800
1.429531
1.192475
1.441126
1.210512
1.428243
1.241432
1.415359
1.228549
1.411494
1.295543
1.429531
1.227261
1.429531
1.216954
1.442415
0.972168
1.433396
1.283948
1.417936
1.232414
1.419224
1.201494
1.433396
1.227261
1.433396
1.250451
1.426955
1.245298
1.434685
1.196340
1.450145
1.148671
1.439838
1.433396
1.446280
1.229837
1.433396
1.244009
1.432108
1.246586
1.421801
1.249163
1.430820
1.228549
1.420513
1.233702
1.439838
1.255604
1.435973
1.237567
1.430820
1.246586
1.416648
1.222107
1.430820
1.299408
1.429531
1.253028
1.417936
1.260758
1.437261
1.253028
1.428243
1.225972
1.434685
1.432108
1.438550
1.298120
1.435973
1.207935
1.423089
1.201494
1.450145
1.229837
1.441126
1.280083
1.441126
1.196340
1.439838
1.218242
1.439838
1.232414
1.450145
1.124193
1.433396
1.182168
1.415359
1.228549
1.435973
1.240144
1.433396
1.237567
1.441126
1.264623
1.443703
1.232414
1.448856
1.264623
1.450145
1.241432
1.446280
1.218242
1.450145
1.155113
1.447568
1.242721
1.446280
1.229837
1.435973
1.198917
1.435973
1.262046
1.433396
1.205359
1.442415
1.237567
1.434685
1.201494
1.429531
1.210512
1.441126
1.249163
1.438550
1.271064
1.401188
1.305850
1.455298
1.398611
1.444991
1.240144
1.441126
1.234991
1.438550
1.278795
1.446280
1.225972
1.438550
1.274930
1.426955
1.244009
1.428243
1.238856
1.432108
1.245298
1.437261
1.238856
1.448856
1.262046
1.446280
1.415359
1.444991
1.277506
1.437261
1.271064
1.430820
1.263334
1.434685
1.256893
1.435973
1.259469
1.433396
1.291678
1.439838
1.262046
1.437261
1.262046
1.442415
1.219531
1.435973
1.289101
1.439838
1.281371
1.442415
1.273641
1.446280
1.272353
1.446280
1.296831
1.433396
1.255604
1.438550
1.255604
1.441126
1.263334
1.446280
1.264623
1.437261
1.240144
1.446280
1.258181
1.442415
1.269776
1.403764
1.249163
1.443703
1.244009
1.439838
1.237567
1.429531
1.283948
1.434685
1.282660
1.442415
1.323887
1.438550
1.300696
1.442415
1.245298
1.435973
1.241432
1.438550
1.274930
1.424378
1.245298
1.442415
1.263334
1.439838
1.264623
1.429531
1.295543
1.432108
1.256893
1.441126
1.268488
1.438550
1.259469
1.435973
1.264623
1.444991
1.300696
1.426955
1.307138
1.441126
1.295543
1.434685
1.318733
1.446280
1.311003
1.443703
1.314868
1.446280
1.271064
1.441126
1.278795
1.443703
1.273641
1.434685
1.325175
1.435973
1.303273
1.437261
1.277506
1.441126
1.318733
1.439838
1.260758
1.435973
1.286525
1.443703
1.311003
1.444991
1.331617
1.433396
1.289101
1.434685
1.307138
1.438550
1.254316
1.437261
1.262046
1.430820
1.285236
1.443703
1.250451
1.444991
1.425666
1.443703
1.274930
1.441126
1.282660
1.439838
1.237567
1.429531
1.231126
1.437261
1.273641
1.441126
1.262046
1.443703
1.267199
1.444991
1.256893
1.444991
1.256893
1.442415
1.251739
1.437261
1.273641
1.442415
1.307138
1.443703
1.318733
1.437261
1.280083
1.425666
1.277506
1.303273
1.291678
1.442415
1.336770
1.444991
1.311003
1.442415
1.307138
1.444991
1.294255
1.444991
1.318733
1.443703
1.308427
1.437261
1.335482
1.442415
1.304562
1.435973
1.318733
1.415359
1.316157
1.432108
1.276218
1.439838
1.294255
1.435973
1.286525
1.444991
1.311003
1.447568
1.335482
1.443703
1.426955
1.432108
1.287813
1.435973
1.289101
1.444991
1.225972
1.441126
1.256893
1.447568
1.271064
1.447568
1.298120
1.443703
1.299408
1.442415
1.300696
1.446280
1.289101
1.446280
1.283948
1.452721
1.170573
1.448856
1.323887
1.442415
1.354807
1.443703
1.339347
1.424378
1.321310
1.447568
1.348365
1.452721
1.433396
1.442415
1.321310
1.428243
1.340635
1.442415
1.323887
1.439838
1.344500
1.439838
1.335482
1.434685
1.357384
1.435973
1.358672
1.450145
1.339347
1.444991
1.329040
1.444991
1.322598
1.441126
1.331617
1.425666
1.338059
1.429531
1.320022
1.441126
1.314868
1.426955
1.278795
1.430820
1.325175
1.434685
1.321310
1.434685
1.343212
1.444991
1.147383
1.434685
1.365114
1.446280
1.441126
1.429531
1.308427
1.451433
1.303273
1.448856
1.339347
1.456587
1.334193
1.454010
1.372844
1.435973
1.327752
1.441126
1.334193
1.428243
1.264623
1.429531
1.296831
1.430820
1.362537
1.434685
1.368979
1.451433
1.353519
1.452721
1.442415
1.456587
1.357384
1.447568
1.289101
1.446280
1.343212
1.439838
1.331617
1.424378
1.357384
1.439838
1.347077
1.437261
1.256893
1.439838
1.244009
1.430820
1.353519
1.417936
1.332905
1.430820
1.193764
1.435973
1.316157
1.198917
1.343212
1.434685
1.327752
1.425666
1.341924
1.429531
1.276218
1.439838
1.303273
1.441126
1.332905
1.442415
1.352230
1.451433
1.352230
1.447568
1.326463
1.448856
1.308427
1.446280
1.304562
1.444991
1.311003
1.434685
1.338059
1.450145
1.316157
1.451433
1.363825
1.443703
1.365114
1.441126
1.318733
1.438550
1.323887
1.443703
1.299408
1.438550
1.304562
1.446280
1.376709
1.447568
1.365114
1.439838
1.432108
1.443703
1.323887
1.437261
1.320022
1.443703
1.304562
1.448856
1.344500
1.437261
1.313580
1.443703
1.316157
1.448856
1.420513
1.441126
1.318733
1.438550
1.308427
1.441126
